0 1.0000000000000002 5.102694996447305e-17 0 0 7.347880794884119e-17 1 1.0000000000000002 1
2 1.0000000000000002 5.102694996447305e-17 0 0 7.347880794884119e-17 1 1.0000000000000002 1
3 1.0000000000000002 5.102694996447305e-17 0 0 7.347880794884119e-17 1 1.0000000000000002 1
1 0.7942769575012398 0.19368323476242813 0.6161718320366522 0.035292464956365656 0.4461116747076446 0.16808896607673687 0.6242168001722322 0.3264797358827993
10 0.8162555464906509 0.35611725856864856 0.7486468828086152 0.23093634520870712 0.6813410241907817 0.25618013835501957 0.7489496878728173 0.381361051714961
10 0.9030879735140388 0.4717742752085037 0.8825484219841218 0.30497026033847857 0.824586631535347 0.3099266307707379 0.845126183065264 0.476730645640763
10 1.0100149740149467 0.4019388871745518 0.9357241891943405 0.34725266304881863 0.9257092151793941 0.3567007600409336 1.0000000000000002 0.41138698416666675
7 1.032988021199238 0.055164067059732605 0.1403186459869006 0.00749335593919864 0.0975590589542726 0.5635384524800855 0.99022843416661 0.6112091636006195
6 1.0439547844551165 0.05574971882318723 0.023224730509577286 0.0012402569010690754 -0.027361387891923838 0.6590614653679271 0.9933686660536154 0.7135709272900453
5 1 5.102694996447305e-17 0 0 5.931367295835211e-17 0.8072214916666667 1.0000000000000002 0.8072214916666668
4 1.0000000000000002 5.102694996447305e-17 0 0 6.66929453083358e-17 0.9076487108333333 1.0000000000000002 0.9076487108333333
9 0.8794820417120607 0.0469664753525957 0.385988027792509 0.02061269765925537 0.3589451345488045 0.37227812348879724 0.8524391484683561 0.39863190118213754
8 1.0081432780101252 0.05383729762533741 0.2607594703732328 0.013925188163354963 0.2257627843037974 0.4690216217505175 0.9731465919406896 0.5089337312125
10 0.3488359457492204 0.5655579621753227 0.27702057813308795 0.5191936360923267 0.06826966289456726 0.7437365387784706 0.1400850305106997 0.7901008648614667