9 0.676 4.411644304829596e-17 0.04500000000000001 1.191843762071347e-17 0.04500000000000005 0.4866666666666667 0.676 0.4866666666666667
8 0.837 4.270955712026394e-17 0 0 4.5618093268238905e-17 0.6208333333333333 0.837 0.6208333333333333
7 1 5.102694996447305e-17 0 0 5.5170338301588257e-17 0.7508333333333334 1 0.7508333333333335
6 1 5.102694996447305e-17 0 0 6.496751269476709e-17 0.8841666666666667 1.0000000000000002 0.8841666666666667
5 1.0000000000000002 5.102694996447305e-17 0 0 7.347880794884119e-17 1 1.0000000000000002 1
4 1.0000000000000002 5.102694996447305e-17 0 0 7.347880794884119e-17 1 1.0000000000000002 1
3 1.0000000000000002 5.102694996447305e-17 0 0 7.347880794884119e-17 1 1.0000000000000002 1
2 1.0000000000000002 5.102694996447305e-17 0 0 7.347880794884119e-17 1 1.0000000000000002 1
0 1.0000000000000002 5.102694996447305e-17 0 0 7.347880794884119e-17 1 1.0000000000000002 1
10 0.14691478934049457 0.28360164631474033 0.12829120763442345 0.2703265976368754 -0.018623581706071094 0.41345641298880176 2.842170943040401e-17 0.4267314616666667
10 0.11484538198428129 0.3778339598980722 0.0553637443265454 0.3675888539866413 -0.015342843084365284 0.6526669499703837 0.0441387945733706 0.6629120558818146
10 0.26841810537335015 0.556479537517288 0.24324686040620966 0.5508093858464929 0.09753894500000018 1.0000000000000002 0.12271018996714071 1.0056701516707953
10 0.28960698172442756 0.5369726465117227 0.26033552617109695 0.5319706784913495 0.14516744100000012 1 0.17443889655333072 1.0050019680203732
1 0.5611999999999999 0.3088333333333333 0.4609 0.0580833333333333 0.16479999999999997 0.1403333333333333 0.26509999999999995 0.3910833333333333