1 0.3253303510271194 0.3759380837360278 0.11104386742353489 0.36621569573279505 0.09996784698833767 0.5357443386408699 0.3142543305919221 0.5454667266441027
9 0.42821254702620154 0.6313483567820253 0.4208244409409611 0.2786280727961629 0.008705368996263133 0.2846227100513855 0.016093475081503553 0.6373429940372478
8 0.5397419497671714 0.7143926952751806 0.5248587579391348 0.18152394821416365 0.005351454211622274 0.1916003388462211 0.020234646039658858 0.724469085907238
7 0.6497943343630207 0.8060755611944701 0.6348937010884951 0.09469472192171961 0.0031559089056128905 0.10388390552471893 0.01805654218013851 0.8152647447974694
6 0.7607285859589136 0.896621269440268 0.7442936674598154 0.00401267711936513 0.0006341548495524035 0.013521311252366969 0.01706907334865051 0.9061299035732698
5 0.8665413800851914 0.9876984632197654 0.8517082931686061 -0.008804030444030518 0 0 0.014833086916585332 0.9965024936637958
4 0.969964319 4.949432077293718e-17 0 0 7.347880794884119e-17 1 0.9699643190000001 1
3 1.0000000000000002 5.102694996447305e-17 0 0 7.347880794884119e-17 1 1.0000000000000002 1
2 1.0000000000000002 5.102694996447305e-17 0 0 7.347880794884119e-17 1 1.0000000000000002 1
0 1.0000000000000002 5.102694996447305e-17 0 0 7.347880794884119e-17 1 1.0000000000000002 1
10 0.3147270498604716 0.44682761802764287 0.22302120929358368 0.39873129424088416 -0.04356458270155446 0.7517190334114893 0.048141257865333444 0.799815357198248