8 0.8038391193903471 0.5149216765453006 0.749977984758679 0.2097085802991815 0.40016088060965277 0.2525783234546994 0.45402201524132085 0.5577914197008185
0 1 5.995666620825584e-17 1.5163061029507747e-17 8.929716243782785e-18 8.184507924308112e-17 0.9075 1.0000000000000002 0.9075
2 1 6.527979762854965e-17 0.027000000000000024 1.5630575313117384e-17 0.02700000000000009 0.8533333333333334 1.0000000000000002 0.8533333333333334
10 0.30810459300000004 0.9999999999999998 0.2746545910645982 0.8152354602890316 0.26281382157281713 0.8167241183634152 0.29626382350821895 1.0014886580743834
9 0.727 0.28333333333333344 0.48700000000000004 0.28333333333333344 0.4870000000000001 0.48583333333333334 0.727 0.48583333333333334
10 0.5674482781987694 0.8787576192081652 0.44669208479889627 0.7192710011558006 0.4182592801875602 0.734221041820637 0.5390154735874335 0.8937076598730014
10 0.6160528052483962 0.8379965369576422 0.47498198018212145 0.6867313755963665 0.4507534716814847 0.7024228039866 0.5918242967477595 0.8536879653478756
10 0.39664379624764495 0.6310300543226703 0.3593893728267082 0.5609239189788314 0.33021154435360056 0.571691354856881 0.3674659677745373 0.64179749020072
10 0.8408117029399537 0.6186765529686605 0.548687054487142 0.5151036039080588 0.5335366642751088 0.5447780886737533 0.8256613127279205 0.6483510377343551
10 1.0009454576639958 0.402598277261985 0.7343997268636391 0.3859317945639713 0.7334542691996432 0.39643223146865303 0.9999999999999999 0.41309871416666677
1 0.6928949416342411 0.3889007782101167 0.6137217898832684 0.31412613488975355 0.524885214007782 0.37944714656290535 0.6040583657587548 0.45422178988326845
10 1.0010974476489107 0.4769012381603266 0.8297568850739045 0.4635913585366901 0.8286594374249937 0.4734022253763636 1 0.4867121050000001
3 1 7.332572709894778e-17 0.09700000000000003 2.7248391281028613e-17 0.09700000000000009 0.8 1.0000000000000002 0.8
4 0.994 0.027500000000000083 0.16700000000000004 0.027500000000000035 0.1670000000000001 0.7458333333333333 0.994 0.7458333333333335
5 0.947 0.08083333333333341 0.23700000000000002 0.08083333333333337 0.23700000000000007 0.6933333333333334 0.947 0.6933333333333335
6 0.886 0.1283333333333334 0.30100000000000005 0.12833333333333338 0.3010000000000001 0.6408333333333334 0.886 0.6408333333333334
7 0.837 0.1783333333333334 0.367666667 0.17833333333333337 0.36766666700000006 0.5883333333333334 0.837 0.5883333333333334