0 1.0000000000000002 5.102694996447305e-17 0 0 6.674325055353075e-17 0.9083333333333333 1.0000000000000002 0.9083333333333333
10 0.4991075533957294 0.0048810147242657346 0.4445646460732482 -0.02825730783047142 0.32774269149010804 0.1052698911703252 0.3822855988125892 0.13840821372506237
2 1 5.102694996447305e-17 0 0 5.994646081826295e-17 0.8158333333333333 1.0000000000000002 0.8158333333333334
3 1 5.102694996447305e-17 0 0 5.265981236333619e-17 0.7166666666666667 1 0.7166666666666668
4 1 5.102694996447305e-17 0 0 4.567932560819627e-17 0.6216666666666667 1 0.6216666666666668
10 0.497614841074417 0.09559999707258343 0.389506355946246 0.05803091635045048 0.36242 0.11215833333333336 0.470528485128171 0.1497274140554663
9 0.667341463 4.574562788384821e-17 0.229157895 2.338645688425794e-17 0.229157895 0.13333333333333336 0.667341463 0.1333333333333334
10 0.7457173615030027 0.23576210984215853 0.6331744758832656 0.20122863694667403 0.6083098466336839 0.2575012764360713 0.7208527322534211 0.29203474933155577
7 0.911367347 4.650429601462355e-17 0 0 2.412554194320286e-17 0.3283333333333333 0.911367347 0.32833333333333337
5 1 5.102694996447305e-17 0 0 3.845390949322689e-17 0.5233333333333333 1 0.5233333333333334
8 0.792714286 4.58222010680968e-17 0.105285714 1.0744817720503639e-17 0.10528571400000002 0.2283333333333334 0.792714286 0.22833333333333342
10 0.34031474307859155 0.18901277512369036 0.2915540764699868 0.1623266939474617 0.17657518522290006 0.30822170987622294 0.2253358518315048 0.3349077910524516
10 0.4569856705762367 0.19783008244093148 0.3516576134625191 0.18785583460819313 0.34276225395206533 0.25308847101818804 0.4480903110657829 0.2630627188509264
10 0.28893364286608203 0.15332558105580005 0.2453029363574228 0.12613109960177268 0.1517107981555109 0.23040805455811522 0.1953415046641701 0.2576025360121426
6 1 5.102694996447305e-17 0 0 3.128972571821487e-17 0.42583333333333334 1 0.4258333333333334