5 0.77 3.929075147264425e-17 0 0 6.864145309220915e-17 0.9341666666666667 0.7700000000000001 0.9341666666666667
6 0.657 3.3524706126658797e-17 0 0 6.159973399711187e-17 0.8383333333333334 0.6570000000000001 0.8383333333333334
7 0.547 0.024166666666666697 4.540861437162777e-18 0.02416666666666667 5.769053252015791e-17 0.7475 0.547 0.7475
8 0.43800000000000006 0.11250000000000003 1.7861002566405193e-17 0.1125 5.76007911987368e-17 0.6533333333333333 0.4380000000000001 0.6533333333333333
9 0.32400000000000007 0.2 3.158823337550705e-17 0.2 5.822430125696197e-17 0.5625 0.3240000000000001 0.5625
1 0.26801783590963146 0.3877239397542609 0.11869560047562426 0.2570669837495046 -0.038067776456599235 0.38148236226714227 0.11125445897740795 0.5121393182718986
10 0.7004044852739203 0.2876099310748258 0.4902685322752937 0.15927347576173767 0.36160626552723946 0.3055716918459739 0.571742218525866 0.4339081471590621
10 0.9662835693051515 0.9634406908473456 0.7506732052884262 0.4141311960778736 0.5256175926844672 0.47547629668397223 0.7412279567011923 1.0247857914534444
0 1.0000000000000002 5.102694996447305e-17 0 0 7.347880794884119e-17 1 1.0000000000000002 1
2 1 5.102694996447305e-17 0 0 7.347880794884119e-17 1 1.0000000000000002 1
3 0.993 5.066976131472174e-17 0 0 7.347880794884119e-17 1 0.9930000000000001 1
4 0.884 4.510782376859418e-17 0 0 7.347880794884119e-17 1 0.8840000000000001 1
10 0.6273674672383937 0.6532938682611533 0.5646815929068882 0.6427923474986799 0.47850967600000016 1 0.5411955503315055 1.0105015207624737