0 1 5.102694996447305e-17 0 0 5.878304635907296e-17 0.8 1.0000000000000002 0.8
10 0.23428917702876798 0.8026253414353381 0.21676436818121098 0.7982615511059237 0.1444271580000002 1 0.16195196684755717 1.0043637903294145
10 0.78475818230563 0.5975858668453977 0.7657927372654155 0.2762269369973191 0.689500544235925 0.27935366621983915 0.7084659892761395 0.6007125960679177
10 0.6387706873070791 0.43306403752527123 0.5594742567695304 0.43149133616073354 0.5495085032500076 0.780434765041128 0.6288049337875562 0.7820074664056658
10 0.5915676951965051 0.31478615502183344 0.5191156810721261 0.29128759674747745 0.3699963179641622 0.6105742713446771 0.4424483320885411 0.6340728296190332
10 0.48401133545076913 0.26637155108696275 0.42373922227239325 0.2208327576064597 0.10279672387443083 0.5158175556207701 0.16306883705280673 0.5613563491012732
10 0.1941639371526378 0.35497936344481945 0.14070981274258804 0.331500886444897 -0.0029185872078855936 0.558586242339692 0.050535537202164166 0.5820647193396145
10 0.17933510547556922 0.04372301328405715 0.17786989394826286 0.029001013579744158 -0.001465211527306354 0.04139572279568701 0 0.0561177225
1 0.403 0.019166666666666703 0.236 0.019166666666666693 0.236 0.1591666666666667 0.403 0.1591666666666667
9 0.489 3.481313661326174e-17 0.155 1.7770135325127738e-17 0.15500000000000003 0.22833333333333333 0.489 0.2283333333333334
8 0.573 3.413702952623247e-17 0.072333333 8.58953656034398e-18 0.07233333300000003 0.3 0.573 0.30000000000000004
7 0.658 3.37324587305257e-17 5.851090534736642e-19 1.5672565390243153e-19 2.7772267994544905e-17 0.37 0.658 0.37000000000000005
6 0.746 3.8066104673496893e-17 0 0 3.2514372517362223e-17 0.4425 0.746 0.4425
5 0.835 4.2607503220334996e-17 0 0 3.784158609365321e-17 0.515 0.835 0.515
4 0.921 4.6995820917279683e-17 0 0 4.3168799669944204e-17 0.5875 0.921 0.5875
3 1 5.102694996447305e-17 0 0 4.843478090627782e-17 0.6591666666666667 1 0.6591666666666668
2 1 5.102694996447305e-17 0 0 5.363952980265407e-17 0.73 1 0.7300000000000001