9 0.7071587932435534 0.010286251700356762 0.07142139079619253 0.0010388880994100123 0.06124630131121128 0.48681435085679925 0.696983703758572 0.49606171445774605
8 0.8679422935359745 0.012624990874648728 0 0 -0.012980209832656195 0.6196964376159823 0.8549620837033183 0.632321428490631
7 1.008715474400536 0.014672661509175447 6.820374226733057e-19 -3.2561582013739233e-17 -0.01569821329105522 0.749458376554082 0.9930172611094809 0.7641310380632576
6 1 5.102694996447305e-17 0 0 6.536724928908274e-17 0.8896068283333333 1.0000000000000002 0.8896068283333333
5 1.0000000000000002 5.102694996447305e-17 0 0 7.347880794884119e-17 1 1.0000000000000002 1
4 1.0000000000000002 5.102694996447305e-17 0 0 7.347880794884119e-17 1 1.0000000000000002 1
3 1.0000000000000002 5.102694996447305e-17 0 0 7.347880794884119e-17 1 1.0000000000000002 1
2 1.0000000000000002 5.102694996447305e-17 0 0 7.347880794884119e-17 1 1.0000000000000002 1
0 1.0000000000000002 5.102694996447305e-17 0 0 7.347880794884119e-17 1 1.0000000000000002 1
10 0.17683246449818257 0.28558539578483777 0.15649940115426425 0.27237703293802 0.02446793465608178 0.41352309881984906 0.04480099800000008 0.4267314616666668
10 0.15459126443692459 0.37895796663777914 0.09331600856235937 0.3728492983532712 0.05299309982575998 0.6537339131159248 0.11426835570032519 0.6598425814004327
10 0.32695073069722363 0.5598856034124534 0.3007570580528607 0.5558759252423616 0.20285768100000023 1 0.22905135364436324 1.0040096781700918
10 0.3460519603577487 0.5406897569580917 0.31596838367876784 0.5377317342149234 0.25051552600000015 1 0.280599102678981 1.0029580227431685
1 0.6004377955455389 0.283618445345227 0.42886848169336644 0.04718632529700384 0.17280336177974467 0.17622534960817024 0.3443726756319171 0.4126574696563935