3 0.873 0.21166666666666673 0.14300000000000004 0.2116666666666667 0.14300000000000007 0.8258333333333333 0.8730000000000001 0.8258333333333333
1 0.5609275862068968 0.4793591954022988 0.46918620689655177 0.4748620689655172 0.4637344827586207 0.552094827586207 0.5554758620689656 0.5565919540229886
9 0.601 0.44 0.4210000000000001 0.44 0.4210000000000001 0.5908333333333333 0.601 0.5908333333333333
8 0.7028603773584906 0.5243427672955976 0.5193056603773585 0.3574748427672957 0.3194716981132075 0.5101257861635221 0.5030264150943398 0.676993710691824
7 0.6979170267934314 0.36735090751944693 0.33490751944684544 0.35845361567271683 0.3240829732065688 0.6651490924805532 0.6870924805531549 0.6740463843272833
6 0.8220000000000001 0.5866666666666669 0.5912538860103627 0.2570293609671848 0.19581347150259062 0.4492573402417963 0.4265595854922281 0.7788946459412783
5 0.784 0.28833333333333344 0.23333333300000006 0.2883333333333334 0.2333333330000001 0.7491666666666666 0.784 0.7491666666666666
4 0.826 0.2525000000000001 0.18900000000000006 0.25250000000000006 0.18900000000000008 0.7883333333333333 0.8260000000000001 0.7883333333333333
2 0.9285342465753428 0.18452054794520567 0.10142512990080318 0.16953668713588407 0.08346575342465752 0.8579794520547948 0.910574870099197 0.8729633128641164
0 0.9755337742087862 0.1478719886632028 0.058467170524327046 0.13125846323413629 0.03846575342465751 0.8979794520547946 0.9555323571091167 0.914592977483861
10 0.881571353695799 0.3826436526474858 0.8765843449716967 0.36568037166319944 0.7834182721089233 0.3847010310913893 0.7884052808330256 0.4016643120756757
10 1.0017779548142687 0.3644413493385278 1 0.35934383999999997 0.8641314858276167 0.39225316869227406 0.8659094406418854 0.39735067803080193
10 0.7650729411507983 0.5570364613375911 0.6850840586709922 0.5405358077808531 0.6796716818993516 0.5587560443996699 0.7596605643791575 0.5752566979564078
10 0.8332617657712781 0.7778111885211613 0.7196395556251556 0.6263909606758253 0.6974539087587369 0.6379517887139514 0.8110761189048594 0.7893720165592875
10 0.45053407473410484 0.5911671031993708 0.4292819411331628 0.5843025429514882 0.40596605028794536 0.6344304229384496 0.4272181838888873 0.6412949831863323
10 0.2929957825665445 0.649625980263481 0.2748876323933658 0.6332690608554428 0.1666115849098017 0.7165110549569268 0.18471973508298042 0.732867974364965
10 0.32988253621628627 0.6954777943173855 0.30310248974388976 0.6790180752512989 0.14159622737284985 0.8614982896307606 0.16837627384524637 0.8779580086968474
10 0.17104673413513433 0.8805323742814848 0.16351955496884715 0.8764457914172276 0.06692601300000013 1 0.07445319216628729 1.0040865828642576