0 1.0000000000000002 5.102694996447305e-17 0 0 6.674325055353075e-17 0.9083333333333333 1.0000000000000002 0.9083333333333333
10 0.49927846653528446 0.004840181196773443 0.4435196784114816 -0.02795536714202477 0.3305571499819291 0.10541837664672192 0.386315938105732 0.13821392498552013
2 1 5.102694996447305e-17 0 0 5.994646081826295e-17 0.8158333333333333 1.0000000000000002 0.8158333333333334
3 1 5.102694996447305e-17 0 0 5.265981236333619e-17 0.7166666666666667 1 0.7166666666666668
4 1 5.102694996447305e-17 0 0 4.567932560819627e-17 0.6216666666666667 1 0.6216666666666668
10 0.5009756210940118 0.09413829244883598 0.39110089712213636 0.058086548944034595 0.36555261699999997 0.11215833333333336 0.4754273409718754 0.14821007683813475
9 0.667341463 4.574562788384821e-17 0.229157895 2.338645688425794e-17 0.229157895 0.13333333333333336 0.667341463 0.1333333333333334
10 0.752340765880221 0.23577382170821445 0.6389065929595745 0.20126263248990578 0.6144132543256022 0.2571700560623869 0.7278474272462488 0.2916812452806956
7 0.911367347 4.650429601462355e-17 0 0 2.4125541943202863e-17 0.32833333333333337 0.911367347 0.3283333333333334
5 1 5.102694996447305e-17 0 0 3.845390949322689e-17 0.5233333333333333 1 0.5233333333333334
8 0.792714286 4.58222010680968e-17 0.105285714 1.0744817720503639e-17 0.10528571400000002 0.2283333333333334 0.792714286 0.22833333333333342
10 0.34562148492734684 0.18897652433919546 0.29581585773013713 0.16268458228390462 0.1850770309291928 0.30836231482479537 0.23488265812640252 0.3346542568800862
10 0.46213191612719845 0.19246478006748494 0.3557515998546875 0.18815304752028786 0.35193766906652507 0.25349916339344186 0.458317985339036 0.2578108959406389
10 0.29336282444873885 0.15315682599478145 0.24875158008741813 0.12621646898288544 0.15793278393600077 0.23065343324936843 0.20254402829732146 0.25759379026126444
6 1 5.102694996447305e-17 0 0 3.128972571821487e-17 0.42583333333333334 1 0.4258333333333334