1 0.587739192380336 0.3991338475565222 0.4604275888383472 0.34246343498576703 0.3916379628365407 0.4497813113311633 0.5189495663785294 0.5064517239019185
9 0.674823235019217 0.34544094353255694 0.4036158754633478 0.2666138577524529 0.30573786073468634 0.500469934336872 0.5769452202905554 0.579297020116976
8 0.8035313114883461 0.42631176973940793 0.5055057758621171 0.16167806783898062 0.181816926916733 0.41482552613704626 0.47984246254296203 0.6794592280374735
7 0.7934327112452939 0.17720945207947614 0.20571676322880544 0.1658100803178108 0.19190891966152823 0.6601775942252044 0.7796248676780169 0.6715769659868698
6 0.8789537726586718 0.1203488492730511 0.14547545133349804 0.09544305686906704 0.11530783702272547 0.7124149695820534 0.8487861583478994 0.7373207619860374
5 1.0941300596054382 0.2329982089769098 0.291369018953328 -0.0841238171842233 -0.09533219334526422 0.5956632863010313 0.7074288473068461 0.9127853124621644
4 0.9951455198433684 0.019301891459480653 0.009169332949441363 0.00017784882995501374 -0.014371517903093113 0.8430202712609061 0.971604668990834 0.8621443138904317
3 0.997910361674841 0.01935551781699209 0.004155318232695216 0.00008059629503728597 -0.020875754394691998 0.8962780290683983 0.9728792890474539 0.915552950590353
2 0.9999068681543455 0.019394241847443535 0.0014161948694680774 0.000027468946465550615 -0.025337945380142387 0.9579166318692334 0.973152727904735 0.9772834047702115
0 1.0000000000000002 0.019396048333333436 9.920152600722944e-19 -3.551751750264496e-17 -0.027757821486871944 0.993824339379034 0.9722421785131281 1.0132203877123676
10 0.2985355125651198 0.418706032719753 0.2868913274529151 0.386467503272809 0.06310377068068748 0.442599090175514 0.0747479557928922 0.47483761962245796
10 0.7487488654901842 0.5469215685461758 0.642242148433166 0.4714807763462501 0.6134281427578462 0.4997303503595716 0.7199348598148645 0.5751711425594973
10 0.9805682066918119 0.4452404603902872 0.8373115957049069 0.4248703821168524 0.8354850010130949 0.43379113839323197 0.9787416119999999 0.4541612166666668
10 0.47210313836735124 0.7662577045812173 0.46056063799444247 0.7642753419763344 0.40226303400000013 1 0.4138055343729089 1.001982362604883