2 1.0000000000000002 0.043673149166666744 0 0 -0.055393287344448164 0.8808057442586943 0.944606712655552 0.924478893425361
10 0.488425122144335 0.2925043825444728 0.4374065258748319 0.27099509224985846 0.322441289228804 0.46036303877737095 0.373459885498307 0.48187232907198524
10 0.5353826257010095 0.38485438221253454 0.49613796812314337 0.3613328121474551 0.29881341032534126 0.5899626364915654 0.3380580679032073 0.6134842065566448
10 0.5806328169971217 0.3075218991855021 0.5363803828499542 0.2940579943057701 0.455449903528197 0.4787787727849192 0.4997023376753644 0.4922426776646512
10 0.5499925542880421 0.30882401466071496 0.5007510787771808 0.3033903021544482 0.46117377624390415 0.5524583977641705 0.5104152517547654 0.5578921102704373
10 0.559549597630751 0.40172003317518823 0.5033740507552291 0.39843029958156573 0.47976095954592 0.6784424854627575 0.5359365064214417 0.68173221905638
10 0.5869791758432622 0.36490350547621553 0.5356252768824251 0.3615355637232561 0.5069340617566334 0.665340831547209 0.5582879607174703 0.6687087733001684
1 0.5598655702503221 0.25863952574646687 0.4047432737998383 0.2518648447313764 0.3962978934383916 0.386154356865199 0.5514201898888754 0.3929290378802895
9 0.6494635558916686 0.1902721332046264 0.3338487883678687 0.17188051740536572 0.31067740803341143 0.44801894227874633 0.6262921755572115 0.4664105580780069
8 0.8110288742968849 0.22929811951074722 0.3860246472432804 0.04070792056767269 0.15259476007758563 0.40602342020828985 0.5775989871311901 0.5946136191513645
7 0.8275251961421148 0.05378059432905829 0.186307851198531 0.016415358376364052 0.1400155229274718 0.5680913248416636 0.7812328678710557 0.6054565607943577
6 0.9096538600808938 0.03972744870917372 0.10241341540205788 0.004472716093960416 0.06291422437531571 0.6325472673592811 0.8701546690541515 0.6678019999744944
5 0.995582320930644 0.04348021578903281 0.025570654668144528 0.0011167509243863425 -0.017757807550890802 0.6900803354653278 0.9522538587116088 0.7324438003299742
4 0.9997955237341347 0.04366421923402315 0.0045246276943469695 0.00019760465408893125 -0.04284292800751964 0.7533866080326893 0.952427968032268 0.7968532226126235
3 1.0000000000000002 0.043673149166666744 0 0 -0.05156401655692012 0.8199167111705585 0.94843598344308 0.8635898603372253
0 1.0000000000000002 0.043673149166666744 0 0 -0.0593274696906894 0.9433629705157806 0.9406725303093106 0.9870361196824473