10 1.0229920294222623 0.5360165822707017 0.7429140504296361 0.3780608021950333 0.7035811846855444 0.426493263360906 0.9836591636781705 0.5844490434365743
1 0.8100185619618896 0.2515017103459899 0.6699797959849693 0.14737753747014662 0.5516090758792949 0.2579325678085371 0.6916478418562152 0.3620567406843804
9 0.9221335821187654 0.1718273909676724 0.571888480371838 0.05705195591186649 0.43966122357164544 0.3372606581218168 0.7899063253185729 0.4520360931776227
8 0.9696878351453816 0.47654957428341865 0.9503451849673232 0.014965492423717978 0.39361029670607056 0.03116683851880703 0.4129529468841289 0.49275092037850765
7 1 7.474549345379764e-17 0.309243898 3.949831639938918e-17 0.3092438980000001 0.5602036341666667 1 0.5602036341666667
6 1 6.744734520823823e-17 0.21248878500000004 2.7263049843971856e-17 0.2124887850000001 0.6419285016666667 1 0.6419285016666668
5 1 6.140106888481803e-17 0.115345975 1.6259872215273342e-17 0.11534597500000007 0.7212591866666667 1 0.7212591866666668
4 1 5.530847442940304e-17 0.01760680900000001 5.179946226807021e-18 0.01760680900000007 0.7946216208333333 1.0000000000000002 0.7946216208333334
3 1.0000000000000002 5.102694996447305e-17 0 0 6.469691877936193e-17 0.880484055 1.0000000000000002 0.880484055
2 1.0000000000000002 5.102694996447305e-17 0 0 7.038511157299851e-17 0.9578967533333334 1.0000000000000002 0.9578967533333334
0 1.0000000000000002 5.102694996447305e-17 0 0 7.289505739606181e-17 0.9920555249999999 1.0000000000000002 0.9920555249999999
10 1.006642581912756 0.04968029689063686 1 0.02638740999999996 0.8563535324238208 0.05483503794827674 0.862996114336577 0.07812792483891365
10 0.8718464748260992 0.014849806839944458 0.8192276733985072 -0.04424868483653915 0.707339559095677 0.02493218478744069 0.759958360523269 0.0840306764639243
10 0.7016259277508545 0.16745212123127776 0.6311997086834167 0.08161375842186464 0.5378240637002395 0.13481528204654306 0.6082502827676773 0.22065364485595618