7 1.0000000000000002 0.0746508158333334 0.005221558000000024 0.07465081583333336 0.005221558000000092 1 1.0000000000000002 1
0 1.0000000000000002 5.102694996447305e-17 0 0 7.347880794884119e-17 1 1.0000000000000002 1
6 1.0000000000000002 0.00520754583333339 0.0011345790000000045 0.005207545833333339 0.0011345790000000776 1 1.0000000000000002 1
5 1.0000000000000002 5.102694996447305e-17 0 0 7.347880794884119e-17 1 1.0000000000000002 1
4 1.0000000000000002 5.102694996447305e-17 0 0 7.347880794884119e-17 1 1.0000000000000002 1
2 1.0000000000000002 5.102694996447305e-17 0 0 7.347880794884119e-17 1 1.0000000000000002 1
3 1.0000000000000002 5.102694996447305e-17 0 0 7.347880794884119e-17 1 1.0000000000000002 1
1 0.762897162015913 0.6245174309745218 0.5338538868867762 0.42022001765339223 0.3076548398710898 0.5963295873751472 0.5366981150002265 0.8006270006962768
10 1.0019841323955547 0.32851819727425957 0.749299559055511 0.30906828833236366 0.7473154266599564 0.32696895939143755 1.0000000000000002 0.3464188683333335
10 0.8194507657008699 0.3724201932350295 0.47293716333114005 0.3256763456616231 0.4592487322100845 0.396143545339288 0.8057623345798145 0.4428873929126943
10 1.0095388745426848 0.6797202102107784 0.6716118922402841 0.5385107552059782 0.6620730176975993 0.5543631083285332 0.9999999999999999 0.6955725633333334
10 0.994424842716844 0.7783956946796937 0.5947276608195321 0.5351609995138563 0.5486332618519859 0.5877616636470474 0.9483304437492979 0.8309963588128848
10 1.0161082849589362 0.9519641871729463 0.7190308091573886 0.7309779538408886 0.7029225241984521 0.7460159966679422 0.9999999999999998 0.9670022299999997
10 0.8840570370000002 1 0.5535716740998747 0.7741613991070945 0.5399111966958532 0.7880435717147528 0.8703965595959786 1.0138821726076583
10 0.515452659 1 0.30434936821454034 0.7345562574183114 0.2851187462302108 0.7451769625221797 0.49622203701567047 1.010620705103868
10 0.4766000639999998 0.9999999999999998 0.38280942771053444 0.7597260567302624 0.36064769068968366 0.7657335613200107 0.454438326979149 1.0060075045897483
9 0.978548012040474 0.6990430720589516 0.6010988636180168 0.23524489096921447 0.08712261703675708 0.5257206968191954 0.46457176545921447 0.9895188779089326
8 1 0.20738553083333341 0.03674725900000006 0.20738553083333336 0.036747259000000115 1 1.0000000000000002 1