4 1 5.102694996447305e-17 0 0 7.347880794884119e-17 1 1.0000000000000002 1
5 0.9005445207114497 0.9995519974753748 0.8991967636116442 -0.0008412655657062488 0 0 0.0013477570998055924 1.0003932630410812
6 0.8222420697513767 0.8840340281887628 0.7390206145034278 0.003494196684729764 -0.028014590449447298 0.053837198167973964 0.05520686479850148 0.934377029672007
7 0.6955398384696623 0.8126919769081528 0.6562605201892281 0.10990634901611761 0.0075500126347808364 0.13508482913114847 0.04682933091521493 0.8378704570231836
8 0.5858692408005423 0.7265795655273645 0.5565589264490131 0.20215955525911344 0.012479144801801867 0.22327699759771646 0.041789459153331064 0.7476970078659675
1 0.41039630739163774 0.4742087762763826 0.25562209135026387 0.35358803164920877 0.12126670144596224 0.47330872111526684 0.27604091748733606 0.5939294657424408
0 1.0000000000000002 5.102694996447305e-17 0 0 7.347880794884119e-17 1 1.0000000000000002 1
2 1.0000000000000002 5.102694996447305e-17 0 0 7.347880794884119e-17 1 1.0000000000000002 1
3 1.0000000000000002 5.102694996447305e-17 0 0 7.347880794884119e-17 1 1.0000000000000002 1
9 0.5547560530349062 0.4808165129878341 0.25279678102180264 0.23338627209016366 -0.02245148817770206 0.4666556312998504 0.2795077838354014 0.714085872197521
10 0.8537615610000001 0.6871155766666667 0.788360279 0.6871155766666667 0.7883602790000002 1 0.8537615610000002 1
10 0.7107116510000001 0.5599299608333332 0.6216436360000002 0.5599299608333332 0.6216436360000003 1 0.7107116510000002 1
10 1.0734447809171845 0.9820638077000117 0.9033366194935278 0.4983445845541386 0.6878951682079985 0.5509582522836826 0.8580033296316554 1.0346774754295556
10 0.3316144761573186 0.40954630238790857 0.1473905888603864 0.3573027809150822 -0.02458470738530485 0.7784336468985438 0.15963917991162738 0.8306771683713701