1 0.2788322837600555 0.372519693783285 0.06575908553139752 0.36489389351595225 0.05697931798333085 0.5352524392850742 0.2700525162119888 0.5428782395524068
9 0.380839798 0.28007812666666665 4.664901478226998e-17 0.28007812666666665 7.250153061827061e-17 0.63191448 0.38083979800000006 0.63191448
8 0.49023763900000006 0.18665752583333337 3.082434536124197e-17 0.18665752583333334 6.985072028699408e-17 0.7177817508333334 0.4902376390000001 0.7177817508333334
7 0.598956285 0.09925933750000004 1.730433195473963e-17 0.09925933750000002 6.949031640871474e-17 0.8094775066666667 0.5989562850000001 0.8094775066666667
6 0.709169533 0.009254490000000046 3.585289317833903e-18 0.00925449000000001 6.916512541217467e-17 0.90175449 0.7091695330000001 0.90175449
5 0.815693723 4.162236278985574e-17 0 0 7.293381379331444e-17 0.992582975 0.8156937230000001 0.992582975
4 0.9263344 4.726801907917016e-17 0 0 7.347880794884119e-17 1 0.9263344000000001 1
3 0.9869276 5.035990526375747e-17 0 0 7.347880794884119e-17 1 0.9869276000000001 1
2 0.99996376 5.102510074780633e-17 0 0 7.347880794884119e-17 1 0.9999637600000001 1
0 1 5.102694996447305e-17 0 0 7.347880794884119e-17 1 1.0000000000000002 1
10 0.27299906050724554 0.446844939050858 0.24659449385175872 0.4250994992626725 -0.026404566655486746 0.6553017202118147 5.684341886080802e-17 0.67704716