2 0.999796837 5.1016583176237416e-17 0 0 7.346387974928895e-17 0.9997968366666666 0.9997968370000001 0.9997968366666666
1 0.4602152799839052 0.14802137519544462 0.2373092229646716 0.1424610279396523 0.23059450659593292 0.32939366612940807 0.4535005636151665 0.3349540133852004
9 0.5775828146966909 0.05487069479276991 0.12622505741276438 0.04173589236201929 0.11033774333696941 0.42086345190397695 0.5616955006208959 0.43399825433472755
8 0.680025362 4.301996359893747e-17 1.577797663896118e-17 8.320343477590805e-18 5.424106669691788e-17 0.5234582750000001 0.680025362 0.5234582750000001
7 0.7923269470000001 4.043002748007269e-17 0 0 4.5551435681728974e-17 0.6199261658333333 0.7923269470000001 0.6199261658333333
6 0.901758698 4.6013995962874367e-17 0 0 5.2480308595336705e-17 0.7142237341666667 0.901758698 0.7142237341666667
5 0.995728026 5.080896416092552e-17 0 0 5.945509547687935e-17 0.8091461625 0.9957280260000001 0.8091461625000002
4 0.999796837 5.1016583176237416e-17 0 0 6.681223852043478e-17 0.9092722158333334 0.9997968370000001 0.9092722158333334
3 0.999796837 5.1016583176237416e-17 0 0 7.33996337372559e-17 0.9989224891666667 0.9997968370000001 0.9989224891666667
0 0.999796837 5.1016583176237416e-17 0 0 7.346387974928895e-17 0.9997968366666666 0.9997968370000001 0.9997968366666666
10 0.6330981164683472 0.21237735218273887 0.39490926994584746 0.12521146782739084 0.3540947646666758 0.20266244922123014 0.5922836111891755 0.28982833357657817
10 0.6571354076361953 0.340633929208797 0.3786208109180967 0.18790621876116867 0.322148887795546 0.25942172305433775 0.6006634845136447 0.41214943350196603
10 1.0170827170654464 0.6066480491561786 0.6096449399477265 0.32564605323284146 0.5472784447692148 0.3884433191350624 0.9547162218869347 0.6694453150583997
10 0.45101315199999986 0.9976102391666664 0.2914564885116224 0.6357259766631913 0.26354819916363476 0.6442710535347228 0.42310486265201225 1.006155316038198