0 0.9955742547327692 0.019310206439612707 0.007925565883039675 0.00015372513420324274 -0.013385727620180742 0.763170471216866 0.9742629612295487 0.7823269525222754
10 0.0624190145958363 0.5923942023882685 0.05751354774516585 0.5866828875013703 -0.004905466850670451 0.6239133692797686 0 0.6296246841666667
10 0.17254089925546087 0.5198698840375151 0.16736633062545206 0.5126857874605625 -0.005174568630008764 0.598989912589714 5.684341886080802e-17 0.6061740091666666
10 0.6137867020484149 0.12989103620949038 0.5894157839048992 0.12477261939914899 0.5641719935862606 0.2082422158751721 0.5885429117297761 0.21336063268551347
10 0.15595294581520702 0.35626877576267546 0.15429059779731477 0.3476489127411053 -0.0016623480178922278 0.3685347878117632 1.4210854715202004e-17 0.3771546508333334
10 0.12466039011621453 0.16223844718669034 2.1316282072803006e-17 0.1266465483333333 -0.0036764990694577193 0.13558884948085026 0.12098389104675678 0.17118074833420727
10 0.8651814541642577 0.48195588601905787 0.7338249988689056 0.4448928174641376 0.7262701215178576 0.4634869093825725 0.8576265768132098 0.5005499779374928
10 0.6306394088386035 0.3633163170919023 0.6283681783399405 0.3450138191329857 0.563017282948701 0.35064552409435984 0.565288513447364 0.36894802205327654
10 0.7241284455060069 0.3051827027387272 0.7136911195804141 0.289467604225167 0.6441891807717187 0.32152340019093345 0.6546265066973115 0.3372384987044937
10 0.8822032092311873 0.3377466349642118 0.8772622862087327 0.3164894845319696 0.7771754972094482 0.33264486930690096 0.7821164202319029 0.3539020197391432
10 0.9474648177993317 0.25146957065363085 0.9367599853825359 0.23368680207811893 0.8098099184209603 0.2867570282399866 0.8205147508377559 0.30453979681549853
1 0.570918374300441 0.3074780256559476 0.46936544875808434 0.30078729376171204 0.46092363466244934 0.38976723271227076 0.562476560204806 0.39645796460650634
9 0.6180507482204756 0.2625475592851419 0.4160261914294261 0.2599620655051237 0.4128597737823555 0.43177915995592153 0.614884330573405 0.4343646537359397
8 0.681767477554017 0.2261851178624382 0.3739771743358014 0.204955487390071 0.3479394454459832 0.4671074463042286 0.6557297486641988 0.4883370767765958
7 0.8054887641581647 0.3026494620141267 0.47273881032779996 0.10440808741431963 0.22666678077285604 0.3912373541164967 0.5594167346032208 0.5894787287163038
6 0.7779252897322286 0.13022895369505855 0.263789736792978 0.12025675698770714 0.25156194681088445 0.5580532506458513 0.7656974997501351 0.5680254473532027
5 0.8323751722105572 0.08456147626785776 0.21015226857962782 0.07249281043308574 0.19540904515970817 0.6003502970810971 0.8176319487906376 0.6124189629158692
4 0.8939792405488539 0.04951081285067784 0.1730785493219165 0.01802681319671565 0.13446139067779647 0.6320762921592208 0.855362081904734 0.663560291813183
3 0.9376053211535144 0.018185838251427354 0.10723683361058944 0.002079971218115934 0.08820806109775517 0.683374705244405 0.9185765486406802 0.6994805722777165
2 0.9899838384645748 0.019201774092059788 0.056625381904332195 0.0010983093213998538 0.036548513702192316 0.7199184570383227 0.9699069702624349 0.7380219218089826
10 0.8721022847086972 0.18487596764949743 0.8585835161360282 0.16687882340543575 0.7272019072357818 0.23541275074772405 0.7407206758084508 0.25340989499178573