10 0.9872665061317311 0.5538590037601436 0.7847710128065174 0.5038620415187074 0.7759267793436485 0.5287374058555478 0.9784222726688621 0.5787343680969841
1 0.6622083606142676 0.4181578489462085 0.5428372436711618 0.41406850109514043 0.5380379116182616 0.5113574496227663 0.6574090285613674 0.5154467974738343
9 0.766245247313423 0.4655816265956322 0.5910715246541678 0.32561095592446926 0.434025410241989 0.4620996314470303 0.6091991329012444 0.6020703021181932
8 0.8473057464496481 0.4437382485957986 0.5592312556201705 0.25731238168013076 0.3484512341279081 0.48349831066284993 0.6365257249573857 0.6699241775785176
7 0.9226874103984571 0.38368926811304316 0.49006451499044346 0.19459384755873269 0.2733827059183877 0.5388553414097648 0.7060056013264014 0.7279507619640754
6 0.9845745275292777 0.605966464182088 0.750228259427811 0.13533979450673603 0.2116549653238283 0.32157587802291204 0.446001233425295 0.7922025476982639
5 1.104533748761553 0.47608215546305227 0.5812712288073522 0.03907896821290076 0.08854847104550706 0.44878763756495343 0.6118109909997078 0.8857908248151051
4 1 0.10862008666666673 0.17720201600000002 0.10862008666666668 0.17720201600000007 0.8120372233333333 1.0000000000000002 0.8120372233333334
3 1 0.054940911666666745 0.11365512200000004 0.054940911666666696 0.1136551220000001 0.8637440191666667 1.0000000000000002 0.8637440191666667
2 1.0000000000000002 0.01922710416666674 0.05419038000000003 0.019227104166666693 0.0541903800000001 0.9111531291666667 1.0000000000000002 0.9111531291666667
0 1.0000000000000002 0.012359501666666732 0.004717077000000025 0.012359501666666682 0.0047170770000000955 0.9618991166666666 1.0000000000000002 0.9618991166666666
10 1.0052440713681368 0.0736737521177038 1 0.06762490583333342 0.8289198483125593 0.17062394653914828 0.8341639196806959 0.17667279282351867
10 0.7408535176307987 0.2521562700733823 0.7203677894377909 0.23116462779288535 0.6272732596825874 0.294255518633365 0.6477589878755953 0.315247160913862
10 0.6524776737892638 0.20810382943458147 0.623806767324218 0.1949939556168553 0.5625687010259824 0.28799801157520305 0.5912396074910282 0.3011078853929292
10 0.3827476736601858 0.30125361387851446 0.24333787674526558 0.24982289531662152 0.22558758030528248 0.2832357683776962 0.3649973772202027 0.33466648693958917
10 0.6488073647435096 0.3711774034115821 0.6029620437245415 0.3669151455734697 0.5993898392331913 0.3935978054374111 0.6452351602521594 0.3978600632755235
10 0.7508578548419625 0.416985681023904 0.7504907342109476 0.3906922778153518 0.6438702444252777 0.39172608648746654 0.6442373650562927 0.4180194896960187
10 0.9079467088442852 0.8559517531537385 0.7526006942231314 0.6098922022358786 0.7252079621588269 0.6219019184811188 0.8805539767799807 0.8679614693989787
10 0.07515284303635227 0.4541103363227046 0.07306305061298886 0.44745205346583683 0.0044598605766366295 0.4624048604764657 0.006549653000000035 0.46906314333333343
10 0.1287203093383096 0.8252988866930889 0.1201515940587421 0.8196741440201593 0.004661168720432556 0.9418531373270703 0.013229884000000084 0.94747788