1 0.8698110434635319 0.2487391402292371 0.5631448530456313 0.12726304122838714 0.41972335058900434 0.3786986811067994 0.7263895410069049 0.5001747801076494
9 0.9916551607700083 0.591584413904835 0.975732983727246 0.021516268265466185 0.29201076020672906 0.034777775262282866 0.3079329372494912 0.6048459209016517
8 1 6.538554567554825e-17 0.12407651500000001 2.0689841833746378e-17 0.12407651500000007 0.7469747283333333 1 0.7469747283333334
7 1.0000000000000002 5.405064949917318e-17 0.002499763000000007 3.1512548162241736e-18 0.0024997630000000728 0.8935250383333333 1.0000000000000002 0.8935250383333333
10 0.4832596239222754 0.20557551932791146 0.0052158280000000265 0.18674435916666668 0.0038886278349445787 0.21014159454302914 0.48193242375721995 0.22897275470427392
10 0.9108125120973171 0.1776342399573422 0.6623980896909452 0.1167342263846151 0.6352178121479175 0.19372715014271602 0.8836322345542893 0.25462716371544314
4 1.0000000000000002 5.102694996447305e-17 0 0 7.347880794884119e-17 1 1.0000000000000002 1
3 1.0000000000000002 5.102694996447305e-17 0 0 7.347880794884119e-17 1 1.0000000000000002 1
2 1.0000000000000002 5.102694996447305e-17 0 0 7.347880794884119e-17 1 1.0000000000000002 1
0 1.0000000000000002 5.102694996447305e-17 0 0 7.347880794884119e-17 1 1.0000000000000002 1
6 1.0000000000000002 5.102694996447305e-17 0 0 7.335318270046721e-17 0.9982903200000001 1.0000000000000002 0.9982903200000001
5 1.0000000000000002 5.102694996447305e-17 0 0 7.347880794884119e-17 1 1.0000000000000002 1