1 0.9050135736604357 0.35302412871124345 0.6651452138775321 0.1331576145737401 0.4292662115129272 0.31186424439960103 0.669134571295831 0.5317307585371044
9 1 0.04626367583333341 0.31940699100000003 0.04626367583333338 0.3194069910000001 0.6169336891666667 1 0.6169336891666668
8 1 0.0068643958333333985 0.14432536200000004 0.006864395833333356 0.1443253620000001 0.765130455 1 0.7651304550000001
7 1.0000000000000002 0.0014421683333333873 0.008766985000000007 0.0014421683333333366 0.008766985000000074 0.9123790616666667 1.0000000000000002 0.9123790616666667
10 0.498583041133519 0.21951962958659077 0.01829257000000003 0.1867443591666667 0.0160164170120968 0.20990745712227768 0.49630688814561574 0.24268272754220171
10 0.9257114156360265 0.20456682762629708 0.670943737555305 0.1359494675713729 0.642144969490213 0.21020379040090056 0.8969126475709346 0.2788211504558248
4 1.0000000000000002 5.102694996447305e-17 0 0 7.347880794884119e-17 1 1.0000000000000002 1
3 1.0000000000000002 5.102694996447305e-17 0 0 7.347880794884119e-17 1 1.0000000000000002 1
2 1.0000000000000002 5.102694996447305e-17 0 0 7.347880794884119e-17 1 1.0000000000000002 1
0 1.0000000000000002 5.102694996447305e-17 0 0 7.347880794884119e-17 1 1.0000000000000002 1
6 1.0000000000000002 5.102694996447305e-17 0 0 7.347880794884119e-17 1 1.0000000000000002 1
5 1.0000000000000002 5.102694996447305e-17 0 0 7.347880794884119e-17 1 1.0000000000000002 1