2 1.0000000000000002 5.102694996447305e-17 0 0 7.347880794884119e-17 1 1.0000000000000002 1
1 0.5315128343274558 0.25627314680997976 0.36745254528584614 0.11723369741028293 0.2150752399156709 0.24209366855888945 0.3791355289572805 0.38113311795858623
9 0.6884836781495016 0.29745434903450046 0.4023196758891289 -0.01862219292063166 0.05618586580893267 0.1990005434141599 0.34234986806930545 0.5150770853692921
8 0.7187923577105821 0.017428934909290907 0.03292698677619086 0.0007983981662910825 0.014645517363313562 0.5243761910447484 0.7005108882977048 0.5410067277877482
7 0.8310716614737184 0.02015142995765623 2.0665935920890285e-19 -5.9186845058793424e-18 -0.02164758151718255 0.6199825926392825 0.8094240799565359 0.6401340225969387
6 0.9417474809129991 0.02283504387469723 0 0 -0.024926638058450884 0.7138941651355803 0.9168208428545482 0.7367292090102776
5 1 5.102694996447305e-17 0 0 6.019909112455949e-17 0.8192714716666667 1.0000000000000002 0.8192714716666668
4 1 5.102694996447305e-17 0 0 6.750064824592204e-17 0.9186410358333335 1.0000000000000002 0.9186410358333335
3 1.0000000000000002 5.102694996447305e-17 0 0 7.347880794884119e-17 1 1.0000000000000002 1
0 1.0000000000000002 5.102694996447305e-17 0 0 7.347880794884119e-17 1 1.0000000000000002 1
10 0.6589662797327636 0.231161651599077 0.4107727410819202 0.13714352519143844 0.37083617760513815 0.21035633553499836 0.6190297162559815 0.3043744619426369
10 0.7009999247743006 0.36259360925746126 0.4069067849015823 0.19912751244708815 0.3530415121035362 0.266425731722721 0.6471346519762546 0.42989182853309404
10 1.037969315133724 0.6342542682525607 0.6570270189976206 0.3376694819555836 0.6136683506944115 0.37634389832628246 0.9946106468305148 0.6729286846232595
10 0.563217308 1.0000000000000002 0.36674370276386964 0.6442169412257577 0.3412875305393085 0.6539791829773718 0.5377611357754388 1.0097622417516143