1 0.7826785131486135 0.2612333026991671 0.7752567026194945 0.1284422434356062 0.6171710268049116 0.13457804146930338 0.6245928373340306 0.2673691007328643
9 0.8908287111062366 0.2976554527268203 0.8242276342005034 0.0399105705647153 0.5089276780995541 0.09648922556958509 0.5755287550052872 0.3542341077316901
8 0.9562715649422397 0.3890311086211304 0.933958734813675 -0.010189928855234766 0.4476952007508887 0.008683484434397778 0.47000803087945353 0.40790452191076293
7 1 7.585165807339412e-17 0.37452065399999995 4.393535478124079e-17 0.374520654 0.4672784233333333 1 0.4672784233333334
6 1 7.032598145153116e-17 0.290597361 3.412732848661302e-17 0.29059736100000005 0.53506964 1 0.5350696400000001
5 1 6.54908949979598e-17 0.21073708900000002 2.5217215929548444e-17 0.21073708900000007 0.6041392341666667 1 0.6041392341666668
4 1 6.066410746547674e-17 0.124016543 1.5965343435431607e-17 0.12401654300000006 0.6734432899999999 1 0.67344329
3 1 5.639276869413696e-17 0.046085028000000014 7.717397147531249e-18 0.04608502800000007 0.7394707683333334 1 0.7394707683333334
2 1 5.198846859105915e-17 0.0020708290000000023 1.0671867143540833e-18 0.002070829000000062 0.8104011741666667 1.0000000000000002 0.8104011741666668
0 1.0000000000000002 5.102694996447305e-17 0 0 6.442389724660682e-17 0.8767684050000001 1.0000000000000002 0.8767684050000001
10 0.935359098818325 0.22764555249294038 0.9065616688493423 0.1791735089978584 0.6783227445115537 0.273338532991997 0.7071201744805364 0.321810576487079
10 0.5890985015389721 0.44240119208277473 0.5884274583023168 0.2924222679653415 0.5191039085503765 0.29263766442982125 0.5197749517870318 0.44261658854725455
10 0.43607825888387725 0.4826270239298709 0.3835803095535407 0.440125390809097 0.13809735389796343 0.6506949426446228 0.19059530322829998 0.6931965757653967
10 0.48410965072900863 0.6783319336096798 0.4196043344518986 0.6738861099305841 0.3917457102544503 0.9545848395781904 0.4562510265315604 0.9590306632572861