10 0.2226372307692356 0.5479415384615393 0.131186153846159 0.543707692307692 0.10406030769230667 0.950595384615384 0.19551138461538328 0.954829230769231
10 0.2706455770000001 1.0000000000000004 0.23124121440288053 0.6592219088029705 0.20762720195347117 0.6611180904404372 0.2470315645505907 1.0018961816374672
10 0.5681347406158909 0.9504269330612355 0.3722565124400891 0.5720664818733125 0.2867454206338155 0.6028090675255119 0.48262364880961717 0.9811695187134345
10 0.5841708655385596 0.4667929909623523 0.33516387190120706 0.33210394750833516 0.2929611306531352 0.38628624860282057 0.5419681242904878 0.5209752920568378
10 0.38823600522239204 0.3679375284328199 0.21654173874351904 0.2594242544904386 0.1661658373567156 0.31477624765747236 0.3378601038355886 0.4232895215998537
10 0.43165469048552046 0.2636650920970548 0.2640076028222995 0.15313598410734258 0.2156328964925035 0.20408962214953902 0.38327998415572445 0.31461873013925123
10 0.6034531609904297 0.07172238890625414 0.5865212887413322 0.00210299457013452 0.36520990885352267 0.03948098910967457 0.3821417811026201 0.10910038344579419
10 1.0035602899517626 0.04323335163408307 1 0.022575436666666657 0.6955554074708542 0.05901260807690137 0.6991156974226168 0.07967052304431778
1 0.6402193347193348 0.18100051975051984 0.3492318087318088 0.1731782744282745 0.3398128898128899 0.4165003465003466 0.630800415800416 0.42432259182259197
9 0.784 0.055000000000000056 0.19300000000000003 0.055000000000000035 0.19300000000000006 0.5441666666666667 0.784 0.5441666666666667
8 0.931 5.887081271301184e-17 0.03600000000000002 1.3201692494808469e-17 0.036000000000000074 0.67 0.931 0.67
0 1.0000000000000002 5.102694996447305e-17 0 0 7.347880794884119e-17 1 1.0000000000000002 1
2 1.0000000000000002 5.102694996447305e-17 0 0 7.347880794884119e-17 1 1.0000000000000002 1
3 1.0000000000000002 5.102694996447305e-17 0 0 7.347880794884119e-17 1 1.0000000000000002 1
4 1.0000000000000002 5.102694996447305e-17 0 0 7.347880794884119e-17 1 1.0000000000000002 1
5 1.0000000000000002 5.102694996447305e-17 0 0 7.347880794884119e-17 1 1.0000000000000002 1
6 1 5.102694996447305e-17 0 0 6.7784200332806e-17 0.9225 1.0000000000000002 0.9225
7 1 5.1146631379401975e-17 1.9265782173380413e-19 1.1968141492892312e-19 5.854707780110519e-17 0.7941666666666667 1.0000000000000002 0.7941666666666668