10 1.023240535245871 0.7768126928968306 0.9225531457723015 0.6736633130673957 0.486559667565202 0.9692099084029719 0.5872470570387716 1.072359288232407
10 0.6198219952485533 0.5239946165326255 0.6118637555711287 0.5002456517109386 0.0013422353225754193 0.6423184110116464 0.009300474999999978 0.6660673758333333
10 0.44861880455881753 0.5835972549262267 0.44281223828931343 0.5661355488881441 0.0037580697304959473 0.6675239622952508 0.009564636000000036 0.6849856683333334
10 0.5172109426126797 0.2547705442141136 0.5170416053911737 0.23016514322706147 0.003248144 0.23262068916666667 0.0034174812215061402 0.25722609015371883
5 1.0000000000000002 0.018513445000000073 0.12689947900000004 0.018513445000000028 0.1268994790000001 0.9994215283333333 1.0000000000000002 0.9994215283333333
4 1.0000000000000002 0.01187909666666673 0.047481282000000034 0.011879096666666682 0.047481282000000104 1 1.0000000000000002 1
3 1.0000000000000002 0.0068712425000000575 0.003467544000000019 0.006871242500000007 0.003467544000000092 1 1.0000000000000002 1
2 1.0000000000000002 0.0028061850000000543 0.001296838000000007 0.002806185000000003 0.0012968380000000803 1 1.0000000000000002 1
0 1.0000000000000002 5.102694996447305e-17 0 0 7.347880794884119e-17 1 1.0000000000000002 1
8 0.9731593504690373 0.23571636810035662 0.3933631318300305 0.21039484194799926 0.36144916085859663 0.7178572251518395 0.9412453794976035 0.7431787513041967
9 0.9386404200858003 0.496388370909808 0.6695032105961715 0.2445563776107064 0.38608641372063673 0.45489834683584085 0.6552236232102656 0.7067303401349424
1 0.752161169191482 0.5618847400346999 0.7503438455362218 0.3923717190144779 0.5653668715318829 0.39374887899651767 0.5671841951871432 0.5632619000167397
6 1.0000000000000002 0.05444279000000009 0.20487620700000003 0.05444279000000005 0.2048762070000001 0.9075837133333332 1.0000000000000002 0.9075837133333332
7 1 0.13536346916666672 0.29084129900000005 0.13536346916666672 0.2908412990000001 0.820531075 1.0000000000000002 0.8205310750000001