9 0.6925000000000001 0.3762500000000001 0.364 0.10250000000000005 0.03550000000000009 0.37625000000000003 0.3640000000000001 0.6500000000000001
1 0.4804691211401427 0.2853295724465559 0.2534631828978623 0.2788064133016627 0.2455308788598575 0.4705037608867777 0.4725368171021379 0.4770269200316708
8 0.8635 0.3770833333333333 0.366 -0.03749999999999995 -0.13149999999999998 0.37708333333333344 0.366 0.7916666666666666
7 0.831 5.402826239438832e-17 9.243634039964224e-18 1.1624866973911215e-17 6.55161544607851e-17 0.7658333333333334 0.831 0.7658333333333334
6 0.956 4.878176416603624e-17 0 0 6.38040982355771e-17 0.8683333333333333 0.9560000000000001 0.8683333333333333
5 1 5.102694996447305e-17 0 0 7.109074669050385e-17 0.9675 1.0000000000000002 0.9675
4 1.0000000000000002 5.102694996447305e-17 0 0 7.347880794884119e-17 1 1.0000000000000002 1
3 1.0000000000000002 5.102694996447305e-17 0 0 7.347880794884119e-17 1 1.0000000000000002 1
2 1.0000000000000002 5.102694996447305e-17 0 0 7.347880794884119e-17 1 1.0000000000000002 1
0 1.0000000000000002 5.102694996447305e-17 0 0 7.347880794884119e-17 1 1.0000000000000002 1
10 0.20682058318480584 0.5212610844532342 0.16350511348435484 0.5025286376698993 -0.04331546970045087 0.8346369815499987 1.1368683772161603e-16 0.8533694283333335