2 1.0000000000000002 5.102694996447305e-17 0 0 6.66424452218351e-17 0.9069614366666667 1.0000000000000002 0.9069614366666667
10 0.5511105891005039 0.30974485344254943 0.5009618911902032 0.2847364389781531 0.37600001535928285 0.45875218459935296 0.42614871326958353 0.48376059906374935
10 0.5749411102178038 0.38134015750843153 0.531074640780853 0.360742471884483 0.37247094724201224 0.5953084715362925 0.4163374166789631 0.615906157160241
10 0.6198787346049462 0.3088907191264303 0.5735253550544006 0.2980971490095144 0.5115660838284235 0.4828793326449255 0.5579194633789691 0.4936729027618414
10 0.5857035320744146 0.31135160265195777 0.5359019577007011 0.3102211841862212 0.5278174907268407 0.5575602568603385 0.5776190651005542 0.558690675326075
10 0.6183409500713186 0.6816702682704402 0.6068134816691303 0.40383743338973604 0.5507479559637928 0.4054528471457818 0.5622754243659812 0.6832856820264859
10 0.6573635063191026 0.369477687345272 0.6079030202788401 0.3664305194900056 0.5811561643926777 0.6679200580763768 0.6306166504329402 0.6709672259316432
1 0.6271799403754525 0.33363778423256313 0.5152001750163149 0.23142225363740795 0.4034725123681694 0.31642263751183897 0.5154522777273071 0.4186381681069941
9 0.7347193956574838 0.38145604374568487 0.566559766264326 0.13533961698895583 0.2999071470385017 0.26186116654531 0.4680667764316594 0.5079775933020391
8 0.864707496556319 0.33664723553337467 0.5071480179293777 0.03196614100231751 0.17406775130574464 0.30341573710963954 0.531627229932686 0.6080968316406967
7 0.9352458563022614 0.4833382539923646 0.6873554513727038 -0.04594716527207072 0.1044145482707525 0.14364999312243953 0.35230495320031024 0.6729354123868748
6 0.950004135711044 0.0461095337561163 0.13741184456909084 0.006669440197639954 0.09379176146180726 0.6307760154048339 0.9063840526037604 0.6702161089633102
5 1.0276365619342238 0.04987751171956794 0.06169039255939968 0.0029942132926527197 0.013841536973291789 0.6876051443049818 0.9797877063481161 0.734488442731897
4 1.038918354753473 0.05042508586091842 0.00937776597928694 0.0004551604969946203 -0.042931575474958135 0.7488857554856897 0.9866090132992281 0.7988556808496136
3 1 5.102694996447305e-17 0 0 6.216238921275549e-17 0.8459907141666666 1.0000000000000002 0.8459907141666667
0 1.0000000000000002 5.102694996447305e-17 0 0 7.130263189561066e-17 0.9703836233333334 1.0000000000000002 0.9703836233333334