1 0.6018605940592601 0.47394409307629315 0.5967272346296001 0.35144409326340065 0.4539014047778526 0.355600421617076 0.4590347642075126 0.4781004214299685
9 0.7117464940307794 0.492188507965743 0.6165637897162172 0.2570016233640812 0.34523829046459226 0.33325745453948313 0.44042099477915453 0.5684443391411448
8 0.8408041998744208 0.41032537941862907 0.51927210111709 0.15173875084879515 0.21911478786108443 0.4109206743473106 0.5406468866184152 0.6695073029171446
7 0.824123879 0.16166666666666674 0.23585085700000002 0.1616666666666667 0.23585085700000008 0.6558333333333334 0.824123879 0.6558333333333334
6 0.9135284209527219 0.7046527898050955 0.8876346788036016 0.08673631966653829 0.15452867234489992 0.10807017439423447 0.18042241449402027 0.7259866445327916
5 1.1149527804124169 0.6179673387759281 0.7771621462078782 -0.08334090881075262 -0.04303945119183626 0.19100391855159995 0.2947511830127023 0.8923121661382807
4 1 6.727903352815773e-17 0.025644505000000026 1.7560644437183348e-17 0.025644505000000088 0.8425 1.0000000000000002 0.8425000000000001
3 1 5.929660791342159e-17 0.006739709000000012 8.613564742866651e-18 0.006739709000000078 0.8958333333333334 1.0000000000000002 0.8958333333333334
2 1.0000000000000002 5.381520829452791e-17 0.002235781000000004 2.902343415273376e-18 0.0022357810000000738 0.9575 1.0000000000000002 0.9575
0 1.0000000000000002 5.102694996447305e-17 0 0 7.347880794884119e-17 1 1.0000000000000002 1
10 0.3402584461073979 0.4357155882964416 0.3335634278864856 0.4043327296144893 0.10529637887583503 0.4381501124803366 0.11199139709674737 0.46953297116228887
10 0.7972892031503379 0.5320522222432932 0.683938981443731 0.4586254429390424 0.6573351667194122 0.48714542954089374 0.7706853884260191 0.5605722088451446
10 1.0015082916512994 0.4236669561728905 0.87467593941162 0.4082785146781321 0.8731676477603205 0.41691144517190837 1 0.43229988666666674
10 0.5408104602850254 0.7562110312698409 0.5289007485989368 0.7549244195124406 0.490775841 1 0.5026855526860887 1.0012866117574004