9 0.8214507851150821 0.0848122629727013 0.2764507848289982 0.06895241162789797 0.25713959703872846 0.5297857449091333 0.8021395973248123 0.5456455962539366
10 0.8366993073705095 0.044837908299743524 0.8363730075532945 0.021641464936298645 0.7418281455690476 0.022565037173834727 0.7421544453862626 0.0457614805372796
10 0.5053946039555438 0.04341480742609683 0.37898454241385815 -0.00922934349796698 0.36590584422349964 0.012579545551701538 0.4923159057651853 0.06522369647576534
1 0.7185101350700654 0.3575066537339822 0.594803137345383 0.15733658536196793 0.3546921953576202 0.26038577691155057 0.47839919308230255 0.4605558452835649
10 0.2891314742667484 0.23004087342541907 0.28240250032513853 0.2054590190617986 -0.006728973941609851 0.2604215956363795 -1.4210854715202004e-17 0.28500345
10 0.48021223617801173 0.2039333712983467 0.42787449717118287 0.16111028060618027 0.24074458775581867 0.31993484167710934 0.29308232676264756 0.36275793236927584
10 0.1150506060011497 0.3917327631043927 0.10436409167344726 0.3796536592558677 -0.010686514327702384 0.4503387428181418 5.684341886080802e-17 0.4624178466666668
10 0.11950073701908809 0.5377247172700454 0.10530366024521862 0.5299331666362881 -0.01419707677386947 0.6811440760329094 0 0.6889356266666666
10 0.20365396079771828 0.4877958395194504 0.18984315525635084 0.4764526287456503 -0.013810805541367415 0.6486447900595335 0 0.6599880008333334
8 0.9630000000012907 0.02802391755411587 0.14499999970256428 0.004219593179271715 0.11828561122907724 0.6417195932722122 0.9362856115278037 0.6655239176470563
7 1.0000000002627127 0.02910064098893213 0.010229498654084145 0.0002976846148482696 -0.02133887708536291 0.7536310183338505 0.9684316245232658 0.7824339747079344
6 1.0000000000000002 0.02910064083333334 0 0 -0.0364922036206879 0.870833333707705 0.9635077963793123 0.8999339745410384
5 1.0000000000000002 0.02910064083333334 0 0 -0.04128862742613317 0.9852930077736193 0.958711372573867 1.0143936486069527
4 1.0000000000000002 0.02910064083333334 0 0 -0.041790416375892606 0.9972674708254742 0.9582095836241075 1.0263681116588075
2 1 5.102694996447305e-17 0 0 7.347880794884119e-17 1 1.0000000000000002 1
0 1 5.102694996447305e-17 0 0 7.347880794884119e-17 1 1.0000000000000002 1
3 1 5.102694996447305e-17 0 0 7.347880794884119e-17 1 1.0000000000000002 1