10 0.5541743144819782 0.11695487141581168 0.4873993482007027 0.04519006422813182 0.08267889506769588 0.3067039871843474 0.14945386134897137 0.37846879437202724
10 0.689540194348897 0.1170037373556661 0.609454770617929 0.029936808888176878 0.3470525996251455 0.19754883880849727 0.4271380233561136 0.2846157672759865
10 0.6055630936894895 0.8227889068705866 0.5993254135913745 0.34586886622397256 0.4823030961395956 0.34693174498303647 0.4885407762377107 0.8238517856296504
0 1.0000000000000002 5.102694996447305e-17 0 0 7.347880794884119e-17 1 1.0000000000000002 1
3 1.0000000000000002 5.102694996447305e-17 0 0 7.347880794884119e-17 1 1.0000000000000002 1
2 1.0000000000000002 5.102694996447305e-17 0 0 7.347880794884119e-17 1 1.0000000000000002 1
1 0.5507733117817379 0.018701910053365016 0.19700711672926832 0.006689520914054105 0.18368644806868903 0.2791167239271746 0.5374526431211585 0.29112911306648553
9 0.7323191262257589 0.024866431719281684 0.020868095852021443 0.0007085918645741892 0.00035913845266209065 0.42014681568701057 0.7118101688263995 0.44430465554171805
8 0.9228886378893383 0.031337358681097945 0 0 -0.027778469297395095 0.5681103865298005 0.8951101685919431 0.5994477452108984
7 1 5.102694996447305e-17 0 0 5.3829044935771904e-17 0.7325791808333333 1 0.7325791808333334
6 1 5.102694996447305e-17 0 0 6.467558910606117e-17 0.8801937716666667 1.0000000000000002 0.8801937716666667
5 1.0000000000000002 5.102694996447305e-17 0 0 7.347880794884119e-17 1 1.0000000000000002 1
4 1.0000000000000002 5.102694996447305e-17 0 0 7.347880794884119e-17 1 1.0000000000000002 1