2 0.898 0.14500000000000007 0.11200000000000004 0.14500000000000002 0.11200000000000009 0.7975 0.8980000000000001 0.7975
0 0.9500444024563063 0.11663123917493327 0.07495795937647631 0.10077822390174772 0.055955597543693884 0.8292020941584002 0.9310420406235239 0.8450551094315858
10 0.9760614600389411 0.2551045088319536 0.9681877019825665 0.24345346108234542 0.8181254766192607 0.31387831812480316 0.8259992346756353 0.32552936587441134
10 0.6306889721162449 0.010122809388372076 0.6125002825074737 0.00654880077680005 0.5736536451492051 0.14383812156104178 0.5918423347579762 0.1474121301726138
10 0.26030699728379963 0.1972837531762019 0.11186005520021015 0.10912560749437783 0.09688721545605891 0.12663417009842584 0.2453341575396484 0.21479231578024993
10 0.3335774524864187 0.3543866369271488 0.23809939180944428 0.3032572058086085 0.22756418846636028 0.3169191673631425 0.3230422491433347 0.3680485984816828
10 0.4216595228253905 0.3713654643402228 0.34800225682669667 0.33890901363147263 0.335609259587141 0.35844019126979676 0.40926652558583476 0.3908966419785469
10 0.5943519425355893 0.40930161803433457 0.5902372865021986 0.3838999149710566 0.5732275561600955 0.3858133143897046 0.577342212193486 0.4112150174529826
10 0.6879011287054408 0.3983514834271419 0.6827689530956849 0.3826908005003127 0.6159259542213883 0.3979027279549719 0.6210581298311444 0.41356341088180104
10 0.7161222906070881 0.3784698173268477 0.7153039986635918 0.36032526153155303 0.651349468040473 0.36232821453197517 0.6521677599839691 0.38047277032726984
10 0.1868085212275177 0.7202349370334613 0.16821090938451955 0.7078944759718864 0.02076590772753349 0.8622042217367247 0.03936351957053165 0.8745446827982998
1 0.5549046153846154 0.43143076923076923 0.471883076923077 0.4275871794871795 0.46709846153846163 0.49935641025641037 0.55012 0.5032000000000001
9 0.5990814558058927 0.3975375505488158 0.42808665511265165 0.39160023108030045 0.4209185441941074 0.5349624494511842 0.5919133448873485 0.5408997689196996
8 0.6627917261055635 0.5517641464574417 0.6147175463623396 0.3434427009034711 0.36120827389443644 0.3840691868758915 0.4092824536376604 0.5923906324298621
7 0.7392245706737121 0.3987813738441217 0.42977278731836216 0.27352708058124175 0.27849075297225895 0.5330795904887714 0.5879425363276088 0.6583338837516512
6 0.8165 0.4670833333333334 0.509 0.21083333333333343 0.2015 0.4670833333333334 0.509 0.7233333333333335
5 0.769 0.24916666666666676 0.24800000000000005 0.2491666666666667 0.24800000000000008 0.685 0.769 0.685
4 0.816 0.21583333333333343 0.20100000000000007 0.21583333333333338 0.2010000000000001 0.7216666666666667 0.816 0.7216666666666667
3 0.858 0.1783333333333334 0.16000000000000003 0.17833333333333334 0.1600000000000001 0.7608333333333334 0.858 0.7608333333333334