3 1.0000000000000002 5.102694996447305e-17 0 0 7.347880794884119e-17 1 1.0000000000000002 1
2 1.0000000000000002 5.102694996447305e-17 0 0 7.347880794884119e-17 1 1.0000000000000002 1
10 0.4583265697412294 0.3086110571419246 0.4330717463135245 0.20058635996888508 0.36526375918089465 0.21159515128927991 0.39051858260859956 0.31961984846231944
10 0.5801536308528817 0.31478562672906346 0.4239252923620833 0.19633787256864987 0.37955582943448435 0.236977962757463 0.5357841679252827 0.35542571691787656
10 0.5650929256194436 0.48073016368263694 0.4833059349582742 0.313463763976755 0.42599098639208616 0.33292547118358706 0.5077779770532556 0.500191870889469
10 0.5648567709959248 0.5934585650172085 0.38313890016338886 0.38650231765376747 0.3337980079569204 0.41658825902947005 0.5155158787894563 0.6235445063929111
10 0.6445437296830676 0.49811260976018845 0.49658298011105684 0.33218793959635473 0.4409173090026349 0.36665946620379125 0.5888780585746457 0.532584136367625
0 1.0000000000000002 5.102694996447305e-17 0 0 7.347880794884119e-17 1 1.0000000000000002 1
1 0.6933140631947253 0.2705397335981399 0.5922694809607972 0.07528367475627756 0.36132316641656853 0.15827965481702755 0.4623677486504966 0.35353571365888986
9 0.778904873 6.50034802140694e-17 0.27148763800000003 3.9111526352613133e-17 0.2714876380000001 0.4241666666666667 0.778904873 0.42416666666666675
8 0.909061969 5.847815686320262e-17 0.14189247900000002 1.9331837682702324e-17 0.14189247900000004 0.5308333333333334 0.909061969 0.5308333333333334
7 1 5.4877890094604374e-17 0.012822659000000014 4.505241309335826e-18 0.01282265900000006 0.635 1 0.6350000000000001
6 1 5.102694996447305e-17 0 0 5.4741711921886684e-17 0.745 1 0.7450000000000001
5 1 5.102694996447305e-17 0 0 6.251821909647238e-17 0.8508333333333333 1.0000000000000002 0.8508333333333334
4 1.0000000000000002 5.102694996447305e-17 0 0 7.053965563088755e-17 0.96 1.0000000000000002 0.96