10 0.3566527479999999 0.9946090608333332 0.2215136384003177 0.5605611960042542 0.20362505334973155 0.5644289329323744 0.3387641629494138 0.9984767977614534
10 1.0072502637111957 0.48246828673206354 0.4910740865748002 0.23557258688396723 0.45730563746374014 0.2845993311638618 0.9734818146001357 0.531495031011958
10 1.0070011154515135 0.9434552915839216 0.6000664357113142 0.4713318517216857 0.5795167462598007 0.4836320443044305 0.9864514259999999 0.9557554841666667
10 1.0072972021800588 0.8130714748467605 0.6121551776019163 0.4129155070653474 0.5931194644218574 0.4259691155519203 0.9882614889999999 0.8261250833333333
10 1.0059902892850274 0.8328190810037953 0.6287227311309833 0.4101921919764072 0.6107448448459558 0.4213368943059454 0.9880124029999999 0.8439637833333336
0 0.999796892 5.1016585982719664e-17 0 0 7.343865104550907e-17 0.99945349 0.9997968920000001 0.99945349
10 1.001283851062748 0.2964643998006905 0.7856021896152596 0.20191336625170464 0.7798483485525115 0.21102806478434752 0.99553001 0.3055790983333334
10 1.005628354838332 0.38133862755794196 0.7965782852316197 0.2673157643430586 0.7852201653932875 0.28177689761845026 0.9942702349999999 0.39579976083333357
10 1.00766476367181 0.7030167230821629 0.7166605698440631 0.42734468250150104 0.6987934011722531 0.44044252525267136 0.9897975949999998 0.7161145658333332
10 1.0059345713253844 0.7844270594772496 0.7439477435717938 0.5314822203322588 0.7266835112464096 0.5438998416883428 0.9886703390000001 0.7968446808333334
1 0.5758488574435957 0.32186527560388406 0.5707549953707749 0.13617841492369287 0.36350473346306955 0.14012661000766488 0.3685985955358904 0.32581347068785604
9 0.7311805498908822 0.09256340832582677 0.32069659315838145 -0.0027454644112673656 0.19980230076150945 0.35883600096532225 0.6102862574940101 0.4541448737024164
8 0.779218983 5.325176167130111e-17 0.13648591200000004 2.0455053416871997e-17 0.13648591200000007 0.4978828433333334 0.779218983 0.4978828433333334
7 0.878125895 4.983620424623529e-17 0.01785826600000002 5.93937098519643e-18 0.01785826600000006 0.5816131333333333 0.878125895 0.5816131333333333
6 0.9790560779999999 4.9958245504519225e-17 0 0 4.868753367725428e-17 0.6626064716666666 0.9790560779999999 0.6626064716666668
5 0.999796892 5.1016585982719664e-17 0 0 5.466234152188417e-17 0.7439198191666667 0.999796892 0.7439198191666668
4 0.999796892 5.1016585982719664e-17 0 0 6.055988480791501e-17 0.824181645 0.9997968920000001 0.8241816450000001
3 0.999796892 5.1016585982719664e-17 0 0 6.614485353119528e-17 0.9001895291666667 0.9997968920000001 0.9001895291666667
2 0.999796892 5.1016585982719664e-17 0 0 7.153116182645572e-17 0.9734937708333333 0.9997968920000001 0.9734937708333333
10 0.6208403746947065 0.5477736999367703 0.29131578255947804 0.252855979643947 0.24096962811199676 0.29192124464163255 0.5704942202472253 0.5868389649344556