10 0.3298822606266776 0.34259057406827764 0.3219245314581752 0.30702423820424213 0.25561733543274573 0.317326870499066 0.26357506460124813 0.3528932063631015
0 1 0.04853613916666676 0 0 -0.05960316099070102 0.8527889678078567 0.940396839009299 0.9013251069745235
2 0.9994958940749339 0.048511671974236226 0.00005014505301167921 0.000002433903698336304 -0.055649387713115665 0.7969391426489831 0.9437963613088065 0.845448380719521
3 0.9984228337946612 0.04845959026186641 0.006918066449373207 0.0003357763454933848 -0.04476131218991822 0.7397529940892692 0.9467434551553697 0.7878768080056422
4 0.9419630696829449 0.04571925102972921 0.014987284149161334 0.0007274244823720763 -0.0326136771488319 0.6817915365279653 0.8943621083849517 0.7267833630753224
5 0.8741027441943219 0.042425572123098124 0.07084085295066542 0.0034383422924882147 0.02726004830431559 0.6269829639374661 0.830521939547972 0.665970193768076
7 0.7539158048873713 0.1427434806939029 0.22573994187731508 0.07408726412920319 0.14620450274519425 0.49899718838509416 0.6743803657552505 0.5676534049497939
10 0.4700772977536747 0.4912933659428924 0.41567169494955486 0.4818460580576784 0.37658633608272984 0.6381562042185491 0.43099193888684967 0.6476035121037632
10 0.42141912597161196 0.5348059698225782 0.36945599051269723 0.5160814275080015 0.28490243762579326 0.6790311054842535 0.336865573084708 0.6977556477988304
10 0.5456046513542272 0.38678205698808266 0.49147297714093446 0.37281148707321404 0.43508280086430207 0.524543876304727 0.4892144750775948 0.5385144462195955
8 0.6673687079098317 0.17328829294519013 0.269358015950271 0.14222518018892275 0.2330650534022854 0.4651561480561913 0.6310757453618462 0.49621926081245865
9 0.6341937956077566 0.3035644713171649 0.43432421730956583 0.16592775099207382 0.26870616957395776 0.3329435476875155 0.46857574787214845 0.47058026801260666
1 0.5210900453458484 0.26786036184205564 0.389008567176784 0.26144964054192216 0.3816091565392753 0.3673188478547577 0.5136906347083398 0.3737295691548912
6 0.801987814148064 0.0690373656311934 0.13274920292309653 0.036555105048266485 0.09516949477199992 0.5742372985564642 0.7644081059969674 0.6067195591393911
10 0.18586903700000004 0.23324543333333334 3.427719280168848e-17 0.23324543333333334 3.716753045329876e-17 0.27258109666666663 0.18586903700000004 0.27258109666666663
10 0.9849465436238638 0.25421236084286325 0.7728954766145202 0.23984421804802777 0.7691014968104818 0.27872834472066266 0.9811525638198254 0.2930964875154981
10 0.9887357282792788 0.22807718280466915 0.9869003069999999 0.2188843666666667 0.8881990735610257 0.23256944464142948 0.8900344948403044 0.24176226077943194