5 0.9999999999999999 0.014545887500000104 1.2400680666525789e-19 -5.920287638824692e-18 -0.018655277784338273 0.8906334534005966 0.9813447222156616 0.9051793409005967
4 0.9999999999999999 0.014545887500000104 1.2400680666525789e-19 -5.920287638824692e-18 -0.020887280167738286 0.9971928953830055 0.9791127198322617 1.0117387828830056
3 1 5.102694996447305e-17 0 0 7.347880794884119e-17 1 1.0000000000000002 1
2 1 5.102694996447305e-17 0 0 7.347880794884119e-17 1 1.0000000000000002 1
0 1 5.102694996447305e-17 0 0 7.347880794884119e-17 1 1.0000000000000002 1
10 0.8253742603898623 0.012005800645890751 0.7539514279999999 0.010966892500000077 0.752941283464359 0.059192859444232665 0.8243641158542213 0.060231767590123345
10 0.3774571780380889 0.2638213325870261 0.28017336581166147 0.26068881033271474 0.2638402019116293 0.6129414399223756 0.3611240141380567 0.6160739621766871
10 0.45427150758762946 0.32216542326657294 0.3646952062174663 0.31723353911013286 0.33421062756166015 0.7017349732416007 0.42378692893182335 0.7066668573980408
1 0.6958602576365577 0.01012190472746312 0.3709224118816629 0.005395395313725068 0.36648566971161567 0.2172127154407099 0.6914235154665104 0.22193922485444798
9 0.8596349992803654 0.012504153758979791 0.20696318826223073 0.003010463590411276 0.1997665834025617 0.34658816300199546 0.8524383944206964 0.35608185317056396
8 1.0000000000000002 0.014545887500000082 0.04694379060145157 0.0006828389514506388 0.036812647132076236 0.48436018241745377 0.9898688565306247 0.49822323096600324
7 0.9999999999999999 0.014545887500000104 1.2400680666525789e-19 -5.920287638824692e-18 -0.01296087651389573 0.618773429273763 0.9870391234861041 0.6333193167737631
6 0.9999999999999999 0.014545887500000104 1.2400680666525789e-19 -5.920287638824692e-18 -0.015773142181348544 0.7530355888748498 0.9842268578186513 0.7675814763748499