10 1.02401608483177 0.6797213634359633 0.9022401900084547 0.5793720071271948 0.4605022485475911 0.9516342154700076 0.5822781433709064 1.0519835717787762
10 0.6243948424717147 0.4641348890911844 0.6138213164812604 0.4419377750195478 0.0033779730095456558 0.6438702617616967 0.013951498999999956 0.6660673758333333
10 0.45353689103674355 0.5404907462539126 0.445801962795221 0.524164257535805 0.0066128347584775045 0.6686591796152257 0.014347762999999986 0.6849856683333333
10 0.5198148421469915 0.20477682545423073 0.516248188856245 0.1804833509832521 0.0018212067092535627 0.2329317830290213 0.0053878599999999995 0.2572252574999999
5 1.0000000000000002 7.065496781219881e-17 0.12984971800000003 2.6253852911012698e-17 0.1298497180000001 0.9320618941666667 1.0000000000000002 0.9320618941666667
4 1.0000000000000002 6.408500705501517e-17 0.05072247100000003 1.564627008033356e-17 0.0507224710000001 0.9770682616666666 1.0000000000000002 0.9770682616666666
3 1.0000000000000002 5.86481362060619e-17 0.005201609000000019 7.886608483766587e-18 0.005201609000000092 0.9860619666666666 1.0000000000000002 0.9860619666666666
2 1.0000000000000002 5.416611180177124e-17 0.0019453670000000069 3.2384279818697306e-18 0.0019453670000000797 0.9925294858333332 1.0000000000000002 0.9925294858333332
0 1.0000000000000002 5.102694996447305e-17 0 0 7.333399817973219e-17 0.9980292308333333 1.0000000000000002 0.9980292308333333
8 0.9793174998803409 0.6509878668833384 0.9402793609416907 0.1433363921764485 0.3612825638526204 0.17425622395731855 0.40032070279127063 0.6819076986642085
9 0.9428846889078343 0.4049893109917167 0.6699980554940085 0.1807090571954519 0.38813329608607616 0.4188694365611489 0.6610199294999018 0.6431496903574137
1 0.7593916631682368 0.49525545286866407 0.7488339204577852 0.3262326497553722 0.5634423518317632 0.3342744496313359 0.5740000945422148 0.5032972527446278
6 1 8.143381785492734e-17 0.20781480800000002 4.101102370014688e-17 0.20781480800000007 0.8418693899999999 1.0000000000000002 0.84186939
7 1 0.07001149666666674 0.2937624430000001 0.07001149666666671 0.29376244300000015 0.7559292516666667 1 0.7559292516666667