6 0.7667220085458859 0.564927532053581 0.5056844935899568 0.27949945100112566 0.12190322153545222 0.523239848208327 0.3829407364913814 0.8086679292607825
10 0.40932242718976625 0.6202476276133195 0.39470765411293407 0.6124265739728612 0.3594072859486896 0.6582348085618502 0.3740220590255218 0.6660558622023085
10 0.388662443846211 0.6242947307562161 0.37891249851183784 0.6114271432368187 0.3337240393617726 0.6352048567809333 0.3434739846961458 0.6480724443003308
10 0.11517080355474388 0.7555442771818381 0.11055281094185648 0.7508290872254672 -0.004617992612887292 0.8291601367102959 1.1368683772161603e-16 0.8338753266666666
10 0.3052429280167759 0.5481586393553719 0.2952910942479427 0.5318756196896175 0.21700768169388324 0.5651014178842254 0.22695951546271642 0.5813844375499798
10 0.187158855532601 0.47852875609281026 0.18526634255866906 0.4628425586544635 0.04562394190124942 0.4745422930509092 0.04751645487518133 0.49022849048925604
10 0.6603370877411366 0.35404450723583036 0.6483239069616755 0.3384630463777229 0.5463254148694761 0.3930741683125261 0.5583385956489373 0.4086556291706335
0 0.90035721 0.17103962250000007 4.991511840407279e-17 0.17103962250000002 1.0621057719422978e-16 0.9371851325 0.9003572100000001 0.9371851325
2 1.0266107901626085 0.5190251817232006 0.47681556761231186 0.06608518534592676 -0.1378189841167328 0.5841865877541513 0.41197623843356396 1.037126584131425
3 0.9615562174738355 0.5131876496266959 0.46440741510743383 0.11654624040316296 -0.07370876620448735 0.5849300823672519 0.4234400361619143 0.9815714915907849
4 0.8986874299741507 0.5353048888588485 0.4839793248194977 0.16980606282334493 -0.01125171774284496 0.5600192162919408 0.40345638741180806 0.9255180423274445
1 0.5048807199050659 0.560383630225455 0.4728988726923811 0.49217698585270453 0.38441073343223187 0.5209907124655196 0.41639258064491663 0.58919735683827
9 0.5720061448101892 0.5291940002458533 0.4453057366240432 0.43471950174620605 0.31704882364578807 0.5541682792610527 0.44374923183193404 0.6486427777606999
8 0.6365308741613482 0.5459338037373749 0.46820864245154614 0.38408774123226697 0.24936518991179002 0.5421435306366077 0.41768742162159206 0.7039895931417156
7 0.7028119850832284 0.5365661860327167 0.46734411940408205 0.32903894550459073 0.1859132627786326 0.5507900320433667 0.4213811284577789 0.7583172725714927
5 0.8314553615972138 0.534318778360337 0.47918937506113524 0.22385268683516435 0.05867931608427585 0.5551900669186612 0.41094530262035445 0.8656561584438339