9 0.799 0.17166666666666675 0.374 0.17166666666666672 0.37400000000000005 0.5266666666666666 0.799 0.5266666666666666
8 0.906 0.08416666666666674 0.269 0.08416666666666671 0.2690000000000001 0.62 0.906 0.62
7 1 7.70506944463543e-17 0.16900000000000004 3.4647299025877206e-17 0.1690000000000001 0.7116666666666667 1 0.7116666666666668
6 1 6.434498390520052e-17 0.06200000000000003 1.6481704838524795e-17 0.06200000000000008 0.8041666666666667 1.0000000000000002 0.8041666666666668
5 1.0000000000000002 5.662857514969008e-17 1.1817841611771958e-17 5.6016251852170306e-18 7.801000110568639e-17 0.9008333333333334 1.0000000000000002 0.9008333333333334
4 1.0000000000000002 5.1040378114571807e-17 2.1360105773708263e-20 1.3428150098750798e-20 7.301030933495595e-17 0.9933333333333333 1.0000000000000002 0.9933333333333333
3 1.0000000000000002 5.102694996447305e-17 0 0 7.347880794884119e-17 1 1.0000000000000002 1
2 1.0000000000000002 5.102694996447305e-17 0 0 7.347880794884119e-17 1 1.0000000000000002 1
0 1.0000000000000002 5.102694996447305e-17 0 0 7.347880794884119e-17 1 1.0000000000000002 1
10 0.5517499651923069 0.349192186208597 0.36399019863126236 0.2468709097132618 -0.07852743129269635 0.8107742572780893 0.10923233526834815 0.9130955337734245
1 0.6923931506849317 0.2653207762557079 0.48138630136986305 0.2588082191780822 0.47360684931506847 0.43384589041095895 0.6846136986301371 0.44035844748858455