10 0.5504355727422905 0.09759670670409216 0.48539311906266064 0.029085577680911003 0.06637312433346335 0.3053392416496164 0.13141557801309317 0.3738503706727976
10 0.6879558841356382 0.09708202885623426 0.6123220017624676 0.012950589758102165 0.3368981807890984 0.18489857163668352 0.412532063162269 0.26903001073481564
10 0.5833692078486312 0.32642552331318453 0.46638529973063947 0.3235144862092348 0.4490918402403297 0.8061261055144859 0.5660757483583215 0.8090371426184358
0 1.0000000000000002 5.102694996447305e-17 0 0 7.347880794884119e-17 1 1.0000000000000002 1
3 1.0000000000000002 5.102694996447305e-17 0 0 7.347880794884119e-17 1 1.0000000000000002 1
2 1.0000000000000002 5.102694996447305e-17 0 0 7.347880794884119e-17 1 1.0000000000000002 1
1 0.538 4.050754797964737e-17 0.186 2.2546061592152854e-17 0.18600000000000003 0.2733333333333333 0.538 0.2733333333333334
9 0.718 3.86505951680777e-17 0.012000000000000007 2.625568493159728e-18 0.012000000000000037 0.42083333333333334 0.718 0.4208333333333334
8 0.91 4.6434524467670476e-17 0 0 4.188292053083948e-17 0.57 0.91 0.57
7 1 5.102694996447305e-17 0 0 5.284350938320829e-17 0.7191666666666666 1 0.7191666666666667
6 1 5.102694996447305e-17 0 0 6.368163355566236e-17 0.8666666666666667 1.0000000000000002 0.8666666666666667
5 1.0000000000000002 5.102694996447305e-17 0 0 7.347880794884119e-17 1 1.0000000000000002 1
4 1.0000000000000002 5.102694996447305e-17 0 0 7.347880794884119e-17 1 1.0000000000000002 1