10 0.371881349475375 0.18287530101892902 0.3062310510187574 0.03384962625962313 0.1343300262830929 0.08643822288307389 0.1999803247397105 0.23546389764237977
4 1.0000000000000002 5.102694996447305e-17 0 0 7.347880794884119e-17 1 1.0000000000000002 1
3 1.0000000000000002 5.102694996447305e-17 0 0 7.347880794884119e-17 1 1.0000000000000002 1
2 1.0000000000000002 5.102694996447305e-17 0 0 7.347880794884119e-17 1 1.0000000000000002 1
0 1.0000000000000002 5.102694996447305e-17 0 0 7.347880794884119e-17 1 1.0000000000000002 1
10 0.32074015236071785 0.5559487847850775 0.27797558886293633 0.5373186180327914 -0.009642515473820595 0.9957992866874908 0.03312204802396093 1.0144294534397769
10 0.5168558236956375 0.9997627312574496 0.5147047676741434 0.4740438808543747 0.3076291498977771 0.4746322699902177 0.30978020591927125 1.0003511203932927
5 1.0000000000000002 5.512088139984725e-17 5.37555491664649e-18 4.093931435374195e-18 7.885436286548768e-17 1 1.0000000000000002 1
1 0.6813990498812352 0.3395229612034839 0.45239548693586706 0.3329423990498813 0.4446009501187648 0.5213103721298495 0.673604513064133 0.5278909342834522
9 0.793 0.23416666666666677 0.3360000000000001 0.23416666666666672 0.33600000000000013 0.6183333333333333 0.793 0.6183333333333333
8 0.91 0.14000000000000007 0.21600000000000003 0.14 0.21600000000000008 0.7158333333333333 0.91 0.7158333333333333
7 1 0.03916666666666675 0.09900000000000003 0.039166666666666704 0.09900000000000009 0.8133333333333334 1.0000000000000002 0.8133333333333335
6 1 6.589980507446459e-17 2.1496378346283382e-17 1.4872855109991538e-17 8.860702293955833e-17 0.9133333333333333 1.0000000000000002 0.9133333333333333