10 0.471266934890107 0.13266619971517413 0.4107819460377079 0.08512419574269837 0.07379974384139294 0.3828487083404498 0.13428473269379204 0.4303907123129255
1 0.653 5.49170041397493e-17 0.393 4.1649997148986304e-17 0.393 0.17955182250000004 0.653 0.17955182250000004
9 0.78 5.395856927585735e-17 0.263333333 2.759464511053728e-17 0.263333333 0.28880656166666674 0.78 0.2888065616666668
8 0.909 5.359404029729974e-17 0.133 1.3997127124868652e-17 0.13300000000000003 0.39733387500000006 0.909 0.3973338750000001
7 1 5.127572844021919e-17 2.7452498876778702e-18 2.4877847574614086e-19 3.992310901208064e-17 0.5059670966666667 1 0.5059670966666668
10 0.3291303779964939 0.37412455238052916 0.2713196395442206 0.3379231635721718 -0.01816961557176751 0.6589587985133348 0.0396411228805058 0.6951601873216922
10 0.31119536025169964 0.3835150725956431 0.2868638745379655 0.37101754502764756 -0.024331485713734082 0.7917588465986712 5.684341886080802e-17 0.8042563741666667
6 1 5.102694996447305e-17 0 0 4.510955641929639e-17 0.6139124691666666 1 0.6139124691666668
5 1 5.102694996447305e-17 0 0 5.300496491900534e-17 0.7213639741666666 1 0.7213639741666668
4 1 5.102694996447305e-17 0 0 6.091284516048446e-17 0.8289852116666666 1.0000000000000002 0.8289852116666667
3 1.0000000000000002 5.102694996447305e-17 0 0 6.909594333875297e-17 0.9403519908333334 1.0000000000000002 0.9403519908333334
2 1.0000000000000002 5.102694996447305e-17 0 0 7.325540836959945e-17 0.9969596733333332 1.0000000000000002 0.9969596733333332
0 1.0000000000000002 5.102694996447305e-17 0 0 7.347880794884119e-17 1 1.0000000000000002 1
10 0.21703177219919145 0.007787298129787139 0.19098771005367984 -0.029495912530348403 -0.025346761636136812 0.07544833875942845 0.0006973005093748128 0.11273154941956401
10 0.2634377276663151 0.07258209672067516 0.21672552196666547 0.03468143108016621 0.05304245917586145 0.1747771254106587 0.09975466487551113 0.21267779105116763
10 0.38596746571729396 0.04220547388210903 0.3418599611312446 0.005531476431486435 -0.040363504200228335 0.3247654406603172 0.0037440003858210105 0.36143943811093987
10 0.5313155210128108 0.15056761891888856 0.5036618153529343 0.1001566988605276 0.1301169555321271 0.24245803721205025 0.1577706611920035 0.29286895727041123
10 0.4502796587731145 0.36419772291215013 0.4358727490799348 0.20122508751508528 0.3759653139978138 0.2049027712506406 0.39037222369099345 0.3678754066477055
10 0.5684660094833173 0.22951099444342968 0.5678813467637331 0.0619678226979067 0.4972936451701199 0.06213888141814643 0.4978783078897041 0.22968205316366938