1 0.7005694047186307 0.6589161810005393 0.584524866829556 0.5435450860959841 0.45885152365820336 0.6313276710507892 0.5748960615472781 0.7466987659553443
9 0.8190497285580035 0.7073682246259724 0.6347614688211614 0.4432630878426946 0.34639471287654916 0.5829975476634555 0.5306829726133913 0.8471026844467334
8 0.9564654111185301 0.6685917217155511 0.5725471853394319 0.33717889375081456 0.212802015367773 0.6265811381683267 0.596720241146871 0.9579939661330634
7 1.0850514689620214 0.6741342968024202 0.5643766104871439 0.23782069472488776 0.09066105999726887 0.6303960248986842 0.6113359184721462 1.0667096269762166
6 1.0000000000000002 0.2890202325000001 0.15972084200000009 0.28902023250000003 0.15972084200000014 1 1.0000000000000002 1
5 1.0000000000000002 0.21994799916666674 0.07100029600000006 0.21994799916666669 0.07100029600000012 1 1.0000000000000002 1
4 1.0000000000000002 0.14932594416666675 0.024655730000000042 0.1493259441666667 0.024655730000000105 1 1.0000000000000002 1
3 1.0000000000000002 0.08463165666666674 0.01722002900000003 0.08463165666666668 0.017220029000000095 1 1.0000000000000002 1
2 1.0000000000000002 0.019674754166666742 0.011463605000000016 0.019674754166666693 0.011463605000000087 1 1.0000000000000002 1
0 1.0000000000000002 0.008424550833333393 0.006260329000000008 0.008424550833333343 0.006260329000000081 1 1.0000000000000002 1
10 0.5071261086012504 0.33786769659890487 0.010944114000000027 0.19581208916666668 0.001161005424652842 0.219542048853951 0.49734300002590315 0.3615976562861891
10 0.3981293526068201 0.33248287315983 0.017970178000000055 0.32152243666666674 0.017031004310598633 0.34414391856037957 0.39719017891741865 0.3551043550535429
10 0.6504841728127756 0.6196951770611434 0.5911789109348857 0.5439991393969649 0.041179227713720366 0.8432394028674033 0.10048448959161022 0.9189354405315817
10 0.7925497352411844 0.6272345554846961 0.7153787187427428 0.6243708440130336 0.7066856070259252 0.7870521800169555 0.7838566235243667 0.7899158914886181