9 0.442 0.04250000000000004 0.016000000000000018 0.04250000000000001 0.016000000000000042 0.41 0.44200000000000006 0.41
8 0.552 3.02028516839716e-17 2.2395728339407224e-18 2.0359753035824744e-18 3.9223906168190784e-17 0.5033333333333333 0.552 0.5033333333333333
7 0.664 3.38818947764101e-17 0 0 4.371989072956051e-17 0.595 0.664 0.595
6 0.78 3.9801020972288984e-17 0 0 5.045544812487095e-17 0.6866666666666666 0.78 0.6866666666666666
5 0.894 4.5618093268238905e-17 0 0 5.780332891975507e-17 0.7866666666666666 0.8940000000000001 0.7866666666666666
4 1 5.102694996447305e-17 0 0 6.423272461527868e-17 0.8741666666666666 1.0000000000000002 0.8741666666666666
3 1 5.102694996447305e-17 0 0 7.084581733067438e-17 0.9641666666666666 1.0000000000000002 0.9641666666666666
2 1.0000000000000002 5.102694996447305e-17 0 0 7.347880794884119e-17 1 1.0000000000000002 1
0 1.0000000000000002 5.102694996447305e-17 0 0 7.347880794884119e-17 1 1.0000000000000002 1
10 0.662830146 0.9999999999999998 0.646358473867465 0.42986229282740385 0.47997897861091476 0.4332003612509585 0.49645065074344974 1.0033380684235544
1 0.35984615384615387 0.29269230769230775 0.31811538461538463 0.11881410256410256 0.10253846153846156 0.1547435897435897 0.14426923076923073 0.3286217948717948
10 0.29986444828806236 0.17009680965290092 0.2846621342856607 0.12623574003490778 -0.015202314002401643 0.19841176621534026 2.842170943040401e-17 0.24227283583333342