10 0.42437496655121054 0.12798363170342336 0.3042325163463568 0.027768116193753703 0.1595070869663154 0.1482561381293806 0.27964953717116914 0.24847165363905024
4 0.999864589 5.102004035415141e-17 0 0 7.332594710674522e-17 0.9979196608333333 0.9998645890000002 0.9979196608333333
3 0.999864589 5.102004035415141e-17 0 0 7.346885806099217e-17 0.9998645883333334 0.9998645890000002 0.9998645883333334
2 0.999864589 5.102004035415141e-17 0 0 7.346885806099217e-17 0.9998645883333334 0.9998645890000002 0.9998645883333334
0 0.999864589 5.102004035415141e-17 0 0 7.346885806099217e-17 0.9998645883333334 0.9998645890000002 0.9998645883333334
10 0.3167222524213995 0.549945668714528 0.2748997994350618 0.5317446291268404 -0.014507281568471968 0.9935510512908325 0.027315171417865713 1.0117520908785202
10 0.5113943070719809 0.46439726851053686 0.30432908984545753 0.46398170330621014 0.30280064587084166 0.9928591018321511 0.509865863097365 0.9932746670364779
5 0.999864589 5.5010999557578144e-17 5.334805651657621e-18 3.9909592034267384e-18 7.820932939483814e-17 0.991776075 0.9998645890000002 0.991776075
1 0.6789100519398404 0.32876199151188584 0.4502199087319815 0.32108786163682684 0.4410801300601596 0.5102313909881143 0.6697702732680185 0.5179055208631733
9 0.7913282918095862 0.22407066451641863 0.33440564006737206 0.2218554174138952 0.3317198986782794 0.6065554395168271 0.7886425504204936 0.6087706866193506
8 0.9089691193026835 0.1300105155457903 0.21508658071139758 0.12664644266626587 0.21105596969149906 0.7039828677875151 0.9049385082827851 0.7073469406670395
7 0.9996523650772011 0.03039829233150423 0.09880486208606641 0.026030812285264722 0.09340039535520765 0.8001551210571249 0.9942478983463424 0.8045226011033645
6 0.999211767 6.523339162814703e-17 2.1102142314298448e-17 1.424666278952532e-17 8.743177808612688e-17 0.9027042983333333 0.9992117670000001 0.9027042983333333