1 0.7721534364298597 0.32722874895209014 0.7693415085080392 0.19298271015811183 0.6115341245701402 0.19527815854790986 0.6143460524919607 0.32952419734188815
9 0.9102872300193361 0.21156597006668465 0.6179698507016299 0.08249541634129469 0.4736837401134848 0.3094241542684837 0.766001119431191 0.4384947079938737
8 0.9407759651115749 0.45968215478683516 0.9323540280328863 0.057605422419202565 0.44694650587128 0.06466611106129366 0.45536844294996864 0.46674284342892625
7 1.020275947808567 0.04455866404151355 0.3805640392719306 0.01662042960240168 0.34928640213033685 0.5139644754170064 0.9889983106669732 0.5419027098561183
6 1.0286090053317911 0.04492259479721197 0.29634820004410084 0.012942458895202168 0.2608410331594002 0.577540039964818 0.9931018384470907 0.6095201758668277
5 1.03463682232791 0.04518584827431725 0.21655721409092463 0.009457735526225359 0.17666386842384652 0.6437997238470042 0.9947434766608318 0.6795278365950962
4 1.0399545880890169 0.04541809187045952 0.12965148577590171 0.005662288279584872 0.08542417669495246 0.7089183929603046 0.9957272790080678 0.7486741965511793
3 1.0446957169222666 0.0456251518945549 0.051581813309624865 0.0022527398952802346 0.0032294070344682383 0.7711017989883617 0.9963433106471101 0.8144742109876364
2 1.0000000000000002 0.0008414358333333852 0.0007760790000000029 0.0008414358333333342 0.0007760790000000669 0.8730169008333333 1.0000000000000002 0.8730169008333333
0 1.0000000000000002 5.102694996447305e-17 0 0 6.907250078232967e-17 0.9400329525000001 1.0000000000000002 0.9400329525000001
10 0.9246341210908291 0.312871293651873 0.9010941687534986 0.26089329138549666 0.6685487793785516 0.3340292968892524 0.6920887317158821 0.3860072991556287
10 0.5772615245352474 0.34436313074590197 0.5079045431707792 0.3428927655406413 0.5034557963563603 0.488619812353642 0.5728127777208285 0.49009017755890255
10 0.4175491364383906 0.5194535374283603 0.36665175639100156 0.472228406375401 0.11547351099125604 0.660221452937401 0.16637089103864502 0.7074465839903604
10 0.4597050973186535 0.7189639282101569 0.39488786067851844 0.7128482336443501 0.35761210679468003 0.9872005730809011 0.4224293434348151 0.9933162676467079