2 0.8925727110661854 0.15108285022981555 0.10737054764692881 0.13204364180607103 0.0845185499338148 0.7865204764368514 0.8697207133530714 0.8055596848605959
0 1.1052429363987517 0.45261270388394925 0.4868764601545628 -0.04550814827325553 -0.13229899869072761 0.488272048123473 0.48606747755346125 0.9863929002806778
10 0.9672647107714856 0.25032078524193085 0.9595432667007785 0.2388266366045984 0.8069638034325508 0.31000619869799756 0.814685247503258 0.32150034733533
10 0.629923779634956 0.00698565324359232 0.6120178143741863 0.003530305020255113 0.5735388218852947 0.14200394755319323 0.5914447871460645 0.1454592957765304
10 0.2541564340970775 0.19450542941766155 0.1076882643473421 0.10859374574160341 0.09261956076061435 0.12643413895778793 0.23908773051034976 0.21234582263384608
10 0.3212835432314569 0.352039990978129 0.22726345568993453 0.3021680085566778 0.21668559993339864 0.3160163947973544 0.31070568747492106 0.36588837721880557
10 0.408408926915262 0.36894557493463687 0.33588897193201844 0.3371282081729015 0.3233682377414668 0.3569462433694139 0.3958881927247103 0.38876361013114935
10 0.5801008822493482 0.40673693346689527 0.576834999 0.38105507000000005 0.559697112609945 0.38256852283031534 0.5629629958592932 0.4082503862972106
10 0.6743435442123031 0.39493536994028217 0.6691947596293144 0.3794294900963647 0.6015524157848622 0.3950273301778053 0.606701200367851 0.41053321002172277
10 0.7036594732702175 0.3749707515995711 0.7027171691657124 0.35685753143828836 0.6380404649232825 0.35919411225125747 0.6389827690277876 0.3773073324125402
10 0.16165273577203926 0.7193371149187963 0.14359615370777606 0.7069750944426555 -0.009278458459070521 0.8620419440111885 0.00877812360519266 0.8744039644873294
1 0.5397351538049545 0.42977875204372545 0.4570902320137905 0.42395054932060217 0.4497634651950457 0.4960997296229412 0.5324083869862097 0.5019279323460646
9 0.5850163797595446 0.39680610343511363 0.4146479212378314 0.38676195762900617 0.40242404524543585 0.5307487406728914 0.572792503767149 0.5407928864789988
8 0.6615915419156925 0.5264719462257696 0.5734245753886243 0.3288421135932546 0.32971004854196495 0.4043465239388554 0.4178770150690331 0.6019763565713704
7 0.7234840323086101 0.3969844169346321 0.4210156089058446 0.26888874526133555 0.26192282157827035 0.5297644204128034 0.5643912449810359 0.6578600920861
6 0.8002595830842155 0.4630690183468203 0.5015827076813978 0.20841100585533046 0.1851226479157843 0.4661621891531798 0.48379952331860193 0.7208202016446695
5 0.7551373808193977 0.6812229920403995 0.7520952753818314 0.2454781859198202 0.2297685558575516 0.24801052462939532 0.232810661295118 0.6837553307499746
4 0.8024282260745416 0.7176541777308776 0.7988975238733916 0.21192359007948985 0.18246606350029065 0.21491216515497394 0.18599676570144066 0.7206427528063618
3 0.8514514629294387 0.1833891250940928 0.1541599743745177 0.1664815318460885 0.13375618607056144 0.7508420824059073 0.8310476746254825 0.7677496756539116