0 1 5.102694996447305e-17 0 0 5.959736000131333e-17 0.8110822925000001 1.0000000000000002 0.8110822925000001
10 0.2736477162531971 0.8102198108462904 0.25567014844145663 0.8063060703676748 0.19494905400000015 1.0000000000000002 0.21292662181174063 1.0039137404786158
10 0.8137844627675224 0.6224368522715799 0.7792241575029901 0.30153320276952345 0.7036359384276542 0.307186405170037 0.7381962436921864 0.6280900546720933
10 0.6669789084700506 0.8002513531451605 0.6599350419520646 0.45422074988731237 0.5806713463865447 0.45534124104158946 0.5877152129045307 0.8013718442994376
10 0.6076999009409781 0.33313090737944784 0.5324972265017365 0.310941885098926 0.3992972560672843 0.6244413152970172 0.47449993050652595 0.646630337577539
10 0.497080464841061 0.28276521241268765 0.4341304094318229 0.23559807630458862 0.12786381810307967 0.5194512419499667 0.19081387351231774 0.5666183780580657
10 0.21162139271018615 0.3614041745419809 0.15573788678397787 0.3382591385564814 0.023697132162967195 0.5596559131411762 0.07958063808917547 0.5828009491266758
10 0.180852253093717 0.049834367065898146 0.18009927080356444 0.03501209371817635 0.0019909637098474687 0.04129544915227821 0.002743946 0.0561177225
1 0.40719938515956294 0.17041896532965345 0.40681234786645987 0.029510066771672953 0.23959805210953466 0.029829018753829352 0.2399850894026378 0.17073791731180984
9 0.4986003241812203 0.016930338865230737 0.16291548786328378 0.00553191442647283 0.15178785513065454 0.23310829720056708 0.48747269144859107 0.244506721639325
8 0.5839834207627773 0.019829584401610558 0.07981833143432387 0.0027102895940380933 0.06519808403589623 0.3017157562686255 0.5693631733643497 0.31883505107619803
7 0.669390214605312 0.022729634260940074 0.0007774273093288346 0.000026397994587761387 -0.017254210701459206 0.3687998066883714 0.651358576594524 0.3915030429547237
6 0.7567156487153481 0.025694832810099204 1.1571356924909194e-18 -2.366512031238461e-17 -0.021564863925664146 0.44103306347976085 0.7351507847896841 0.4667278962898601
5 0.8458546709061772 0.028721613725540697 0 0 -0.025098090421163573 0.5132927170871483 0.8207565804850137 0.5420143308126889
4 0.9322614638965426 0.03165561969909841 0 0 -0.028631316874649326 0.5855523713870046 0.9036301470218934 0.617207991086103
3 1.0100035342952858 0.034295408978521506 0 0 -0.03212393181148492 0.6569814548116586 0.9778796024838008 0.6912768637901802
2 1 5.102694996447305e-17 0 0 5.444136833534558e-17 0.7409125141666667 1 0.7409125141666667