10 0.38466287742851285 0.164825616009869 0.30859687047090884 0.018986353588443285 0.14037137036884095 0.07991836230565354 0.21643737732644497 0.22575762472707928
4 1.0000000000000002 5.102694996447305e-17 0 0 7.309629319506792e-17 0.9947942166666667 1.0000000000000002 0.9947942166666667
3 1.0000000000000002 5.102694996447305e-17 0 0 7.347880794884119e-17 1 1.0000000000000002 1
2 1.0000000000000002 5.102694996447305e-17 0 0 7.347880794884119e-17 1 1.0000000000000002 1
0 1.0000000000000002 5.102694996447305e-17 0 0 7.347880794884119e-17 1 1.0000000000000002 1
10 0.35959654790278933 0.5403812962723561 0.31552988374759217 0.5238267562155544 0.05995592888439404 0.9962672970786404 0.10402259303959124 1.012821837135442
10 0.5867312814655522 0.9746765445907188 0.5478366615860907 0.4490620986921317 0.34080216776754335 0.4597011390279019 0.3796967876470048 0.985315584926489
5 1.0000000000000002 5.488689492251851e-17 0.0051131550000000055 4.120853662391051e-18 0.0051131550000000775 0.9794206766666668 1.0000000000000002 0.9794206766666668
1 0.7104998894319341 0.4951967702248357 0.7051290014225302 0.3064504807215927 0.47566550956806586 0.3109848697751642 0.48103639757746963 0.4997311592784071
9 0.836216578045596 0.5798441756523841 0.8093663874012422 0.19567750887138344 0.352366387023898 0.21785852320787938 0.3792165776682518 0.6020251899888801
8 0.960031051697582 0.6716654475632147 0.9197848864007003 0.09583211384298562 0.22578488630579893 0.1295161933184907 0.2660310516026805 0.7053495270387198
7 1 0.011072460833333415 0.12778208600000004 0.01107246083333337 0.1277820860000001 0.7868243825 1.0000000000000002 0.7868243825000001
6 1 6.45070105958539e-17 0.02044706200000002 1.4523411840975337e-17 0.020447062000000085 0.8870588441666666 1.0000000000000002 0.8870588441666666