3 1.0000000000000002 5.102694996447305e-17 0 0 7.347880794884119e-17 1 1.0000000000000002 1
2 1.0000000000000002 5.102694996447305e-17 0 0 7.347880794884119e-17 1 1.0000000000000002 1
0 1.0000000000000002 5.102694996447305e-17 0 0 7.347880794884119e-17 1 1.0000000000000002 1
10 0.3658551529685328 0.03926592975743181 0.30839307481422756 -0.030142964744591026 0.01655954571093335 0.1376365353717997 0.07402162386523857 0.20704542987382252
10 0.5279154503933117 0.18540750861642905 0.4398546723949329 0.16442811672885668 0.3463386296604438 0.4370202078238098 0.4343994076588225 0.45799959971138215
10 0.753254886597941 0.388800412371135 0.6711699381443331 0.37312446735395244 0.5478969072164945 0.8213900343642611 0.6299818556701025 0.8370659793814436
10 0.37623617017899813 0.6598585439479753 0.3564735162457517 0.656914045801676 0.2828644260000002 1.0000000000000002 0.30262707993324667 1.0029444981462994
10 0.5473500000000001 0.7065166666666667 0.5274234190000001 0.7065166666666667 0.5274234190000002 1 0.5473500000000002 1
10 0.5328134798287504 0.7490890337306673 0.5148047830426126 0.7488396189862789 0.5097957550000001 1 0.5278044517861379 1.0002494147443883
1 0.7073307317073171 0.5003471544715447 0.3923570731707318 0.49214471544715443 0.3826478048780489 0.7510585365853658 0.6976214634146343 0.7592609756097561
9 0.858 0.3650000000000001 0.2333333330000001 0.36500000000000005 0.23333333300000011 0.8841666666666667 0.8580000000000001 0.8841666666666667
8 1 0.23333333333333342 0.06900000000000006 0.2333333333333334 0.06900000000000012 1 1.0000000000000002 1
7 1.0000000000000002 0.09750000000000007 3.295777909805037e-17 0.09750000000000002 9.927240327187954e-17 1 1.0000000000000002 1
6 1.0000000000000002 6.594723013408497e-17 1.0505173323935891e-17 1.492028016961192e-17 8.398398127277707e-17 1 1.0000000000000002 1
5 1.0000000000000002 5.102694996447305e-17 0 0 7.347880794884119e-17 1 1.0000000000000002 1
4 1.0000000000000002 5.102694996447305e-17 0 0 7.347880794884119e-17 1 1.0000000000000002 1