6 0.837 4.270955712026394e-17 0 0 3.190204911778855e-17 0.43416666666666665 0.837 0.43416666666666665
1 0.46 3.8190027244399063e-17 0.274 2.869901455100708e-17 0.274 0.12166666666666671 0.46 0.12166666666666671
9 0.554 3.7809469119022175e-17 0.18 1.8725389832309254e-17 0.18000000000000002 0.20083333333333336 0.554 0.2008333333333334
8 0.647 3.760686212381664e-17 0.086 8.980743193747258e-18 0.08600000000000002 0.2758333333333333 0.647 0.2758333333333334
7 0.743 3.791302382360348e-17 0 0 2.6023744481881257e-17 0.3541666666666667 0.743 0.35416666666666674
5 0.939 4.791430601664019e-17 0 0 3.7719121413738475e-17 0.5133333333333333 0.939 0.5133333333333334
4 1 5.102694996447305e-17 0 0 4.3658658389603144e-17 0.5941666666666666 1 0.5941666666666667
3 1 5.102694996447305e-17 0 0 4.9169568985766233e-17 0.6691666666666667 1 0.6691666666666668
2 1 5.102694996447305e-17 0 0 5.4435550222099847e-17 0.7408333333333333 1 0.7408333333333335
0 1 5.102694996447305e-17 0 0 6.025262251804978e-17 0.82 1.0000000000000002 0.8200000000000001
10 0.7769510880811156 0.42186577368002065 0.5299044979265999 0.23390438594632168 0.47586392677251793 0.28322945017962825 0.7229105169270337 0.4711908379133272
10 1.0252950306380009 0.5543879547803692 0.7237029489433685 0.35674445515333003 0.6974109162372011 0.38460560727121323 0.9990029979318334 0.5822491068982525
10 0.837728506 1 0.6629047288676421 0.7327138286702524 0.6447883513764514 0.7409425599180114 0.8196121285088093 1.0082287312477591