3 1.0000000000000002 5.102694996447305e-17 0 0 7.347880794884119e-17 1 1.0000000000000002 1
2 1.0000000000000002 5.102694996447305e-17 0 0 7.347880794884119e-17 1 1.0000000000000002 1
10 0.4519054822507637 0.308604082784461 0.4268153436239977 0.20091884820401476 0.35926500119456256 0.21184864191690916 0.38435513982132863 0.31953387649735543
10 0.5729693795757631 0.3139181781974404 0.41713083639130094 0.19761297361198113 0.3725431509889917 0.23910151496166326 0.5283816941734538 0.3554067195471225
10 0.5553884999814269 0.48060710545819885 0.4745906935912105 0.3141884557714952 0.4165246619779842 0.33376595566978534 0.4973224683682007 0.500184605356489
10 0.5526244832994041 0.5933391482977751 0.37389900205470633 0.38719119514535805 0.3237666350064215 0.4173742481744283 0.5024921162511192 0.6235222013268454
10 0.6342063499101517 0.4982229992776687 0.48964662720066054 0.3322128388209497 0.43304610330399895 0.3664399776281425 0.5776058260134901 0.5324501380848615
0 1.0000000000000002 5.102694996447305e-17 0 0 7.347880794884119e-17 1 1.0000000000000002 1
1 0.6882741116751269 0.2718020304568529 0.5912994923857867 0.07650592216582067 0.35744467005076136 0.15714551607445007 0.4544192893401015 0.35244162436548226
9 0.774 6.47531995049163e-17 0.267333333 3.889954483924098e-17 0.26733333300000006 0.4241666666666667 0.774 0.42416666666666675
8 0.904 5.821986002431792e-17 0.138 1.9133216351531562e-17 0.13800000000000004 0.5308333333333334 0.904 0.5308333333333334
7 1 5.4877890094604374e-17 0.009000000000000015 4.310182679811584e-18 0.00900000000000006 0.635 1 0.6350000000000001
6 1 5.102694996447305e-17 0 0 5.4741711921886684e-17 0.745 1 0.7450000000000001
5 1 5.102694996447305e-17 0 0 6.251821909647238e-17 0.8508333333333333 1.0000000000000002 0.8508333333333334
4 1.0000000000000002 5.102694996447305e-17 0 0 7.053965563088755e-17 0.96 1.0000000000000002 0.96