10 0.4774398453652172 0.3459559071698772 0.42355481251035654 0.301807280769145 0.40791652728554845 0.31506221551130137 0.4618015601404091 0.3592108419120335
0 0.976 0.06943271500000008 3.146102435266007e-17 0.06943271500000003 9.342181061729911e-17 0.9126797408333335 0.9760000000000001 0.9126797408333335
2 1.1111873884681451 0.4526746147005071 0.4576616914827871 -0.045418918870459964 -0.16519851151545645 0.5220993628569204 0.4883271854699016 1.0201928964278875
3 0.876 0.1510498658333334 0.07400000000000004 0.15104986583333335 0.07400000000000008 0.8241921891666667 0.8760000000000001 0.8241921891666667
8 0.6962505864757258 0.46659108830844237 0.47356915837846014 0.3067217318233135 0.2735096460734016 0.5002371107586625 0.4961910741706672 0.6601064672437913
9 0.582 0.3996548450000001 0.3870000000000001 0.3996548450000001 0.3870000000000001 0.5666087175000001 0.582 0.5666087175000001
1 0.5364753202433562 0.4409711016924925 0.4374778219100223 0.43999064002138977 0.4362857688075743 0.5235753249635385 0.5352832671409081 0.5245557866346413
4 0.827 0.19268257666666672 0.12900000000000003 0.1926825766666667 0.1290000000000001 0.778988455 0.8270000000000001 0.778988455
5 0.7914241805137392 0.7256266137246908 0.7668945416400383 0.22395953549884248 0.16626736817247434 0.24435426913124778 0.19079700704617517 0.7460213473570961
6 0.8348485669422449 0.4726116359180977 0.482629517212019 0.19058736595952397 0.12915063604180393 0.49715573043772565 0.4813696857720297 0.7791800003962993
7 0.7653802433644016 0.47349448904375324 0.4833681364406927 0.24806032992911423 0.20111240716900466 0.49326475512400125 0.4831245140927135 0.7186989142386402
10 0.23714041952269266 0.5234558022203074 0.22814489926173168 0.5025656678401856 0.08452143284509483 0.545514164304785 0.09351695310605583 0.5664042986849067
10 0.31826744893433634 0.5074674996056256 0.31333335592205375 0.4889817596768016 0.22311646648213548 0.5057040535116296 0.2280505594944181 0.5241897934404538
10 0.9952629242785787 0.5157337130990046 0.8107247317220074 0.4858617709818655 0.8060375638006587 0.505969861158533 0.99057575635723 0.5358418032756722