4 0.963734761 4.917644542857039e-17 0 0 7.347880794884119e-17 1 0.9637347610000002 1
5 0.856211015 4.368983662143568e-17 0 0 7.347880794884119e-17 1 0.8562110150000001 1
6 0.742211015 0.03498235833333338 8.765808699753703e-18 0.034982358333333345 7.322778762445914e-17 0.9122690308333333 0.7422110150000001 0.9122690308333333
7 0.635578575 0.12307327333333336 2.2563854526319224e-17 0.12307327333333333 7.407592754210048e-17 0.824119935 0.6355785750000001 0.824119935
8 0.5304330899999999 0.21204600583333336 3.730374577363602e-17 0.21204600583333333 7.561457090262923e-17 0.7334320516666667 0.5304330899999999 0.7334320516666667
1 0.32511043426184666 0.5552471366730329 0.3234747367243439 0.38350044664785043 0.12150611338127557 0.3848362300324718 0.1231418109187783 0.5565829200576544
0 0.9999999999999999 0.009696710833333372 0 0 -0.013961373261760697 0.9998646206006443 0.9860386267382392 1.0095613314339775
2 0.9999999999999999 0.009696710833333372 0 0 -0.013961373261760697 0.9998646206006443 0.9860386267382392 1.0095613314339775
3 0.994318571 5.0737043971163344e-17 0 0 7.347880794884119e-17 1 0.9943185710000001 1
9 0.5122200804403148 0.4729949045078708 0.23201084794182555 0.22986375274124762 -0.06489604294185412 0.46749285005695507 0.21531318955663506 0.7106240018235783
10 0.7709220619808109 0.6763403446960096 0.7045101858471091 0.6754226916029173 0.6980519570000002 1.0000000000000002 0.764463833133702 1.0009176530930926
10 0.621686574 0.551135595 0.531289106 0.551135595 0.5312891060000001 1 0.6216865740000002 1
10 0.9975855195318938 0.9950259614727285 0.8874869388570426 0.5006336076855434 0.6527290598255697 0.536938709580397 0.7628276405004208 1.031331063367582
10 0.2946901306966262 0.405883755478067 0.1402170245932154 0.35258671893335164 -0.06222212933525071 0.7600437712129489 0.09225097676816006 0.8133408077576642