5 0.845352310188409 0.9074351910844627 0.7820808837959062 -0.036408010835255245 0 0 0.06327142639250269 0.9438432019197178
6 0.7300050772756328 0.8130804905585662 0.6648657871828901 -0.035444580118344726 0 0 0.06513929009274257 0.848525070676911
7 0.6139273306029573 0.7267836950565529 0.5561028718557998 -0.0008045462161640474 0.003320743436472074 0.02970371149189808 0.06114520218362964 0.7572919527646151
8 0.504078037610365 0.6336433683539237 0.44679012172000987 0.08797342399272476 0.012559727989334595 0.11963195184935045 0.06984764387968963 0.6653018962105495
9 0.38135077601150696 0.5494103973592052 0.3431124776521091 0.1851888915862133 0.02190095280277215 0.2086075277293761 0.06013925116217004 0.5728290335023679
1 0.3086321383778894 0.3902487436012284 0.14559505801401934 0.25814576445100984 0.002052838931917819 0.3811700754565426 0.1650899192957878 0.5132730546067612
10 0.7415547313058143 0.31141082526263536 0.529698861203105 0.16780279947361962 0.3934288285744175 0.3074073767250712 0.6052846986771268 0.45101540251408695
10 1.0813646759162208 0.9076982500789051 0.5980797549895321 0.46834152818668306 0.42107212341641753 0.6035536003760712 0.904357044343106 1.0429103222682934
0 1.0000000000000002 5.102694996447305e-17 0 0 7.347880794884119e-17 1 1.0000000000000002 1
2 1.0000000000000002 5.102694996447305e-17 0 0 7.347880794884119e-17 1 1.0000000000000002 1
3 1 5.102694996447305e-17 0 0 7.347880794884119e-17 1 1.0000000000000002 1
4 0.9518366281967723 0.9849001416015024 0.9062286264832904 -0.028327566730009704 0 0 0.04560800171348187 1.0132277083315122
10 0.696135379903097 0.6580523602130194 0.6320547746468773 0.6519749079127612 0.584524754 1 0.6486053592562198 1.0060774523002582