2 1.0000000000000002 5.102694996447305e-17 0 0 7.347880794884119e-17 1 1.0000000000000002 1
1 0.47036817102137773 0.15026920031670635 0.24739192399049886 0.14386183689627874 0.239666270783848 0.33056512272367383 0.4626425178147269 0.33697248614410136
9 0.58 0.05083333333333338 0.12800000000000003 0.050833333333333355 0.12800000000000006 0.42833333333333334 0.58 0.42833333333333334
8 0.689 4.356567595878498e-17 0.009000000000000017 8.867349982943307e-18 0.009000000000000055 0.525 0.689 0.525
7 0.802 4.0923613871507386e-17 0 0 4.567932560819627e-17 0.6216666666666667 0.802 0.6216666666666667
6 0.912 4.653657836759942e-17 0 0 5.259858002337882e-17 0.7158333333333333 0.912 0.7158333333333333
5 1 5.102694996447305e-17 0 0 5.957906677851874e-17 0.8108333333333333 1.0000000000000002 0.8108333333333334
4 1 5.102694996447305e-17 0 0 6.692694757340285e-17 0.9108333333333334 1.0000000000000002 0.9108333333333334
3 1 5.102694996447305e-17 0 0 7.347880794884119e-17 1 1.0000000000000002 1
0 1.0000000000000002 5.102694996447305e-17 0 0 7.347880794884119e-17 1 1.0000000000000002 1
10 0.6422107210703066 0.21552063907053604 0.40047157545063305 0.12723735878102305 0.36032949380502455 0.20356923178201228 0.602068639424698 0.2918525120715253
10 0.6726236808034605 0.34532345067037906 0.3903412383533037 0.18828965225641806 0.3340002375080793 0.25862162452974047 0.616282679958236 0.4156554229437015
10 1.0431530112930438 0.6119982618435011 0.6234846386093897 0.3287136407947038 0.563126408495418 0.3908087288162093 0.9827947811790722 0.6740933498650067
10 0.4929180750000002 1.0000000000000002 0.31804037577026567 0.6370177459850033 0.2908197500514936 0.6461249412799034 0.4656974492812281 1.0091071952949002