6 0.8238870853916725 0.5843307457068926 0.5326859562455893 0.2911073864972947 0.18194354269583626 0.5329987061867795 0.4731446718419196 0.8262220653963773
10 0.47597657921859626 0.6339750601168717 0.4600038272414117 0.6264224472129598 0.42951207594900176 0.671204335111668 0.4454848279261863 0.6787569480155798
10 0.45492023156409517 0.6383033572643901 0.44482603104120866 0.6246249840920727 0.40233829937336607 0.6463989998755031 0.4124324998962526 0.6600773730478205
10 0.2038116927819135 0.7704863151810908 0.18906525044952127 0.755069580015409 0.020032442846134133 0.8673498266118679 0.03477888517852636 0.8827665617775499
10 0.3636870740515007 0.5588381986784373 0.3534279591295269 0.5416198113093926 0.27773168647905766 0.5729403644661285 0.28799080140103145 0.5901587518351732
10 0.2378901264405656 0.48547133568321954 0.23662575560700672 0.4695557201673022 0.09625399018932597 0.4772997728675411 0.09751836102288484 0.49321538838345846
10 0.6988460791878172 0.37483292385786804 0.6861070146999513 0.35834245003824494 0.5902616091787775 0.4097602166747793 0.6030006736666434 0.4262506904944024
0 0.9675144071799718 0.19444772476775332 0.05844402456306111 0.17797905841599743 0.03848559282002833 0.9430522752322469 0.9475559754369391 0.9595209415840028
2 0.914 0.22333333333333344 0.09300000000000005 0.22333333333333338 0.09300000000000011 0.91 0.9140000000000001 0.91
3 0.867 0.2583333333333334 0.13900000000000007 0.25833333333333336 0.1390000000000001 0.8691666666666666 0.8670000000000001 0.8691666666666666
4 0.823 0.2950000000000001 0.18200000000000005 0.29500000000000004 0.18200000000000008 0.8291666666666667 0.8230000000000001 0.8291666666666667
1 0.5509310344827586 0.5193103448275861 0.4611827586206897 0.5149109195402297 0.4557724137931035 0.5915574712643678 0.5455206896551724 0.5959568965517241
9 0.5959911373707535 0.6289746430329887 0.5890398818316102 0.478364106351551 0.40930576070901037 0.4841248153618907 0.41625701624815364 0.6347353520433284
8 0.643031076581576 0.4492230854605994 0.37003440621531636 0.4416398446170922 0.360968923418424 0.6682769145394006 0.6339655937846838 0.6758601553829079
7 0.7335004366812227 0.6529556040756915 0.614671615720524 0.36488573508005834 0.2722296943231441 0.46298107714701603 0.3910585152838428 0.7510509461426493
5 0.775 0.3316666666666668 0.23200000000000007 0.3316666666666667 0.2320000000000001 0.7875 0.7750000000000001 0.7875