10 0.370616012 1 0.22934355032099324 0.5637621493981164 0.21162711316995675 0.5677464129984524 0.35289957484896356 1.003984263600336
10 1.0146986104134732 0.49746812525584583 0.4945070535737783 0.24278614131264548 0.46057301430007525 0.29091861041069883 0.9807645711397701 0.5456005943538993
10 1.0202453020279794 0.95813953836556 0.6067581832235085 0.48014304963159543 0.5865128811955291 0.4923048829327023 0.9999999999999999 0.9703013716666669
10 1.0187694972841053 0.8278027499788557 0.6180258456706819 0.42188476510347006 0.5992563483865766 0.43475298595794765 1.0000000000000002 0.8406709708333333
10 1.0177142884939814 0.8474995686048294 0.634548631233431 0.41938850972659625 0.6168343427394494 0.43039861195510015 1 0.8585096708333333
0 1.0000000000000002 5.102694996447305e-17 0 0 7.347880794884119e-17 1 1.0000000000000002 1
10 1.005804061871536 0.3111715347255117 0.7886513459519835 0.21341532817770248 0.7828472840804472 0.22236877928552445 0.9999999999999998 0.32012498583333365
10 1.0113554023196798 0.39615627431473854 0.8005383037274373 0.27899539318023237 0.7891829014077574 0.2931847671988273 0.9999999999999999 0.4103456483333335
10 1.0176291617539195 0.7177641619995705 0.7227573885785796 0.43784183720536923 0.7051282268246601 0.4507381285391321 1.0000000000000002 0.7306604533333334
10 1.017030674280784 0.7991600594882793 0.7514820673537542 0.5423755317560983 0.7344513930729702 0.5546060406011526 1.0000000000000002 0.8113905683333336
1 0.577 0.14500000000000005 0.37 0.14500000000000005 0.37 0.3308333333333333 0.577 0.33083333333333337
9 0.7123050719152157 0.3929970981579612 0.6507267221801666 0.023526999747665915 0.22654806964420893 0.07262175119858692 0.28812641937925815 0.4420918496088822
8 0.782 5.3697360328938163e-17 0.14000000000000004 2.093805845174646e-17 0.14000000000000007 0.5041666666666667 0.782 0.5041666666666667
7 0.881 5.004634511546833e-17 0.02100000000000002 6.163168146021513e-18 0.02100000000000006 0.5883333333333334 0.881 0.5883333333333334
6 0.982 5.010846486511254e-17 0 0 4.9169568985766233e-17 0.6691666666666667 0.982 0.6691666666666668
5 1 5.102694996447305e-17 0 0 5.510910596163089e-17 0.75 1 0.7500000000000001
4 1 5.102694996447305e-17 0 0 6.098741059753819e-17 0.83 1.0000000000000002 0.8300000000000001
3 1 5.102694996447305e-17 0 0 6.655955353365864e-17 0.9058333333333334 1.0000000000000002 0.9058333333333334
2 1.0000000000000002 5.102694996447305e-17 0 0 7.1947999449907e-17 0.9791666666666666 1.0000000000000002 0.9791666666666666
10 0.6285584619761032 0.5568651183634973 0.2949034661931468 0.25714304180052994 0.24519216850652323 0.29557314115336397 0.5788471642894798 0.5952952177163312