6 0.8682944338960995 0.5558787883000288 0.5545616171373875 0.27255877039308873 0.22338452114237814 0.5272303544615665 0.5371173379010901 0.8105503723685066
10 0.5247469080125714 0.6177824919086169 0.5080869363754651 0.6109525251515822 0.48105906681021404 0.6567356034823225 0.49771903844732035 0.6635655702393571
10 0.5038249968212861 0.6226403225150265 0.49265112122786536 0.6092714263439594 0.4521036256637916 0.6328061890737787 0.4632775012572124 0.6461750852448459
10 0.253579587060832 0.7544914665128338 0.23604353025015185 0.7402843161617314 0.08718259417013269 0.8678821262373306 0.10471865098081287 0.8820892765884331
10 0.4066211739462085 0.5465075625784063 0.3953050485525054 0.5295140255020092 0.32189251622074583 0.5634626107789006 0.33320864161444896 0.5804561478552976
10 0.27517760318162726 0.47739763218095294 0.2731268028026681 0.4614857940216079 0.13305706123085204 0.4740225413049278 0.13510786160981114 0.48993437946427293
10 0.7275318902309007 0.35118558661354027 0.7136900044846861 0.3350293363167296 0.6219227098593776 0.38962776245500447 0.6357645956055923 0.40578401275181514
0 1.0090551876351876 0.9277101501641465 0.9920499695847689 0.1616390088405454 0.08247506262339727 0.1756603346603634 0.09948028067381615 0.9417314759839646
2 0.983283803697863 0.8713398867178563 0.9306548128782444 0.183799820873469 0.1108499235067793 0.2273785983755532 0.16347891432639788 0.9149186642199404
3 0.9333440198837984 0.8332971511935376 0.8862759307223615 0.2212243194360436 0.15936015909357495 0.2600433838610731 0.2064282482550118 0.8721162156185672
4 0.8800062665053091 0.8014505109742284 0.8538627199066008 0.26677676294710223 0.21207001431927414 0.2885693066960611 0.2382135609179825 0.8232430547231872
1 0.5920269073235709 0.5006205045918722 0.5016438775032058 0.4992640992397217 0.4999842311684394 0.5760621964681237 0.5903672609888044 0.5774186018202743
9 0.6441605504351477 0.6071274147634408 0.625588723611927 0.45643888585570624 0.44672219215781345 0.47174768149010843 0.46529401898103423 0.6224362103978429
8 0.6831139432832964 0.6543508064969729 0.6810989431383857 0.42736677878185825 0.4068212417167038 0.4290576393363607 0.4088362418616144 0.6560416670514753
7 0.7809409564810512 0.6289570699542084 0.6460023480305129 0.3429423628249561 0.310876972139 0.45273992148207376 0.4458155805895382 0.7387546286113261
5 0.8298272045285585 0.761378911699876 0.8075174990631541 0.3051128583970302 0.2638179834254721 0.3235745772410301 0.2861276888908764 0.7798406305438761