1 0.31027945205479457 0.3712123287671233 0.09727534246575348 0.3646381278538813 0.08971917808219183 0.5346518264840183 0.3027232876712329 0.5412260273972603
9 0.41200000000000003 0.2791666666666667 4.937775894162128e-17 0.2791666666666667 7.521780640363042e-17 0.6308333333333334 0.4120000000000001 0.6308333333333334
8 0.52 0.18583333333333335 3.151506072925799e-17 0.18583333333333332 7.052006128210119e-17 0.7166666666666667 0.52 0.7166666666666667
7 0.63 0.09833333333333338 1.7535127849557163e-17 0.09833333333333334 6.970508149323441e-17 0.8083333333333333 0.6300000000000001 0.8083333333333333
6 0.74 0.008333333333333382 3.586017064194296e-18 0.008333333333333344 6.916585315853506e-17 0.9008333333333334 0.7400000000000001 0.9008333333333334
5 0.846 4.3168799669944204e-17 0 0 7.286648454926751e-17 0.9916666666666667 0.8460000000000001 0.9916666666666667
4 0.957 4.8832791116000715e-17 0 0 7.347880794884119e-17 1 0.9570000000000001 1
3 1 5.102694996447305e-17 0 0 7.347880794884119e-17 1 1.0000000000000002 1
2 1.0000000000000002 5.102694996447305e-17 0 0 7.347880794884119e-17 1 1.0000000000000002 1
0 1.0000000000000002 5.102694996447305e-17 0 0 7.347880794884119e-17 1 1.0000000000000002 1
10 0.3023009756889373 0.44251830383557933 0.212912671771823 0.3944319127483784 -0.06386430830007282 0.7517261297664779 0.025523995617041523 0.7998125208536788