10 0.9412442752011558 0.4772263460058886 0.7448215475717008 0.44335598342146443 0.7382782379802333 0.4697075760908435 0.9347009656096882 0.5035779386752677
1 0.6285567078254611 0.3746464061547007 0.5112151525955424 0.36382774200054596 0.4981237523964585 0.462433393771066 0.6154653076263772 0.4732520579252207
9 0.7290562211330848 0.4058491947640551 0.5647956944245162 0.2791875562723719 0.39777377945667197 0.42960530207833036 0.5620343061652405 0.5562669405700137
8 0.8079793492418397 0.3800288659208701 0.5408516594560129 0.20934521254904134 0.3146987926154611 0.45513655609981013 0.5818264824012879 0.6258202094716389
7 0.872041409601941 0.3043087949857133 0.45362215762389724 0.14858401918530648 0.2511477928825166 0.5263836223472331 0.6695670448605604 0.6821083981476399
6 0.9487197225960433 0.27712384887965746 0.4212489520130778 0.08539453859340038 0.17368439578634434 0.5583670092568181 0.7011551663693099 0.7500963195430753
5 1.067596535115741 0.40531505398100787 0.595266709839266 -0.0061629326263143965 0.05074723807808434 0.4278969876280306 0.5230770633545593 0.8393749742353528
4 0.9919511647890353 0.081205228301334 0.16771462591691655 0.04119996967760562 0.11834697095619011 0.7475415728559547 0.942583509828309 0.7875468314796831
3 0.9956722111393658 0.027965311367955888 0.10879767205667881 -0.015080153805523692 0.05206418901416535 0.796650107266917 0.9389387280968523 0.8396955724403965
2 0.9970294170634159 0.00854672125416938 0.05049964059476027 -0.03739417985421301 -0.01092815876944539 0.8415013110915188 0.9356016176992102 0.8874422121999014
0 0.994551274 6.4306877029994e-17 2.0253452713941318e-17 1.355795893449307e-17 8.759271026911433e-17 0.9164446108333334 0.9945512740000001 0.9164446108333334
10 0.996037258 4.7369515717340015e-17 0.9910589934826631 -0.005356467928914365 0.8174993566708988 0.10666098682655482 0.8224776211882356 0.11201745475546925
10 0.7227381097219325 0.19464968146098144 0.70327946738289 0.17569649737420207 0.6042649507058343 0.2462903257123452 0.6237235930448769 0.26524350979912453
10 0.6366406993014446 0.15873073677003097 0.6103858849324161 0.1458258369707552 0.5417701350293429 0.24276865436943937 0.5680249493983716 0.2556735541687151
10 0.3607981442218584 0.24786484160613967 0.21301011001732836 0.23281118051633315 0.20767492644572322 0.26918459010789586 0.3554629606502533 0.28423825119770235
10 0.6309459557107148 0.33976869019567146 0.6187208817530004 0.3204497878979552 0.5677732621832828 0.3428385692040596 0.5799983361409972 0.3621574715017758
10 0.7205817550042057 0.36045785291839644 0.7191970449410288 0.33463701591289324 0.6106800609355941 0.33867834070466674 0.6120647709987712 0.36449917771017
10 0.8401190155720782 0.7875059937940644 0.70506986329971 0.5536275033988156 0.6752928834553866 0.5655679270303207 0.8103420357277551 0.7994464174255694
10 0.03773592182160465 0.4486464379998979 0.035223333312534154 0.44261968115970224 -0.0025125885090704968 0.4535449006598044 0 0.4595716575
10 0.059841586083308924 0.8163021589557022 0.05242499760306703 0.8113525031104615 -0.007416588480241785 0.8736212008214261 1.1368683772161603e-16 0.8785708566666669