1 0.6340814558058926 0.5525375505488157 0.4630866551126517 0.5466002310803003 0.4559185441941075 0.6899624494511842 0.6269133448873483 0.6958997689196997
9 0.7462010771992819 0.744772591262717 0.6934093357271095 0.454418013165769 0.34981238779174145 0.4978014661879115 0.40260412926391376 0.7881560442848594
8 0.811 0.40333333333333343 0.2880000000000001 0.4033333333333334 0.2880000000000001 0.8441666666666666 0.8110000000000002 0.8441666666666666
7 0.903 0.3350000000000001 0.2030000000000001 0.335 0.20300000000000012 0.9208333333333333 0.9030000000000001 0.9208333333333333
6 0.996 0.26500000000000007 0.12600000000000006 0.26500000000000007 0.1260000000000001 0.9991666666666666 0.9960000000000001 0.9991666666666666
5 1.0000000000000002 0.19583333333333341 0.03600000000000007 0.19583333333333336 0.03600000000000012 1 1.0000000000000002 1
4 1.0000000000000002 0.12500000000000008 4.1599318110972075e-17 0.12500000000000003 1.0589327506620812e-16 1 1.0000000000000002 1
3 1.0000000000000002 0.060000000000000074 2.7047606152044608e-17 0.060000000000000026 9.611768562395532e-17 1 1.0000000000000002 1
2 1.0000000000000002 7.401459092346817e-17 1.5071005921656682e-17 2.2987640958995108e-17 8.854981387049788e-17 1 1.0000000000000002 1
0 1.0000000000000002 6.08700486126199e-17 8.230346888749813e-18 9.843098648146851e-18 8.1709154837591e-17 1 1.0000000000000002 1
10 0.48884037932690805 0.3163453143989313 2.1316282072803006e-17 0.19581208916666665 -0.008802592656504245 0.220603909044166 0.48003778667040375 0.3411371342764306
10 0.38028408086715554 0.329554465641321 0.37902805996460015 0.3069177484026723 -0.001256020902555349 0.32157083359468464 0 0.3442075508333334
10 0.61767771978859 0.5925496686961215 0.5590736348770163 0.5212011827657754 -0.00761847786500698 0.8444431963683475 0.050985607046566656 0.9157916822986935
10 0.7592781012214278 0.5946990060063467 0.6827662125755934 0.5889036133891099 0.664967419410053 0.7520863166653431 0.7414793080558874 0.7578817092825799