3 1.0117213126927933 0.4499791437168375 0.48917661019193337 0.057818843388035814 -0.024691123170600803 0.5333168264505965 0.49785357933025914 0.9254771267793982
1 0.5445921496977462 0.4502480121437911 0.4527791102624358 0.4484672040767232 0.4506032419581747 0.5263707748237426 0.5424162813934851 0.5281515828908105
9 0.5928069392047376 0.5582947468901227 0.5812725951894694 0.4083023507697549 0.4000105723974183 0.417982186501177 0.4115449164126864 0.5679745826215449
8 0.6888323764877151 0.4873500805226254 0.5098625117509556 0.33021785523060476 0.30463223939720585 0.4925459077088174 0.4836021041339653 0.6496781330008381
7 0.7561005613506018 0.48406004538169706 0.5126898429362958 0.2731285395802496 0.2373092789714734 0.4938116203052753 0.48071999738577925 0.7047431261067227
6 0.8188638964485583 0.4892028400444645 0.5219596826403133 0.22142393147745384 0.1702375548146405 0.49224172416041295 0.4671417686228856 0.7600206327274237
5 0.8846715104001539 0.47044330785888605 0.5027283723079177 0.16545537772039712 0.10388240945603969 0.5123190101550863 0.48582554754827595 0.8173069402935753
4 0.8346059206435501 0.742587515038965 0.7936303369261789 0.20974159769879985 0.152976299358609 0.24395407969607277 0.19395188307598032 0.7767999970362378
2 1.0745067684473126 0.4475048547002701 0.48640402163459057 0.006144417891650752 -0.09158823420521349 0.5409788200216074 0.4965145126075086 0.9823392568302267
0 1.1405310076162687 0.44601176874989806 0.4895601502892035 -0.04656048173905866 -0.15596112816676236 0.5458731094219506 0.4950097291603028 1.0384453599109074
10 0.8714990101923643 0.33540809799650834 0.8654833222791976 0.31909591894027933 0.771377443007718 0.3431965038187088 0.7773931309208848 0.3595086828749378
10 0.9919949925364911 0.31083999508533405 0.989963415 0.3059414133333335 0.8526549240423664 0.34548699281621026 0.8546865015788577 0.3503855745682108
10 0.7486572178990685 0.5160478482819363 0.6698160455073862 0.5039244107642108 0.6656575290824864 0.5227047409825841 0.7444987014741685 0.5348281785003096
10 0.812046672543116 0.7331752351261156 0.6985253767633016 0.590190613943373 0.6758302189402915 0.6027035356064597 0.7893515147201059 0.7456881567892022
10 0.4339933996843149 0.5671681718101127 0.41347460112308115 0.5603127802717917 0.38850549243531235 0.6122119262612777 0.40902429099654614 0.6190673177995989
10 0.2748652171772942 0.6339682759659525 0.2571173090724612 0.6186561406897417 0.14655482784957122 0.7076493151116086 0.16430273595440417 0.7229614503878193
10 0.3104172774804537 0.6779075482622205 0.28461333033241343 0.662285632096299 0.11772913465625823 0.8537132339476853 0.1435330818042985 0.8693351501136067
10 0.1463687111814395 0.8715067533763785 0.13912909721198446 0.8675990187428908 0.03899570300000005 0.9964259883333332 0.046235316969455084 1.000333722966821