3 1.0000000000000002 5.102694996447305e-17 0 0 7.347880794884119e-17 1 1.0000000000000002 1
2 1.0000000000000002 5.102694996447305e-17 0 0 7.347880794884119e-17 1 1.0000000000000002 1
0 1.0000000000000002 5.102694996447305e-17 0 0 7.347880794884119e-17 1 1.0000000000000002 1
10 0.3669204518612403 0.03751070143117178 0.3080162790695052 -0.03191216697501332 0.02064917918186417 0.13741165414569592 0.07955335197359928 0.20683452255188103
10 0.4875848814045729 0.16738335530157553 0.39246209666120313 0.15990859139474792 0.3605838120219535 0.4416297903595846 0.4557065967653233 0.4491045542664123
10 0.7771722111815138 0.38844299546773964 0.6943692958755961 0.37214155149369305 0.5680162073826448 0.8178418467567363 0.6508191226885626 0.8341432907307829
10 0.3946855234097078 0.6579309529972105 0.37478974728198294 0.6553551992718554 0.3107947360000002 0.9986286191666668 0.330690512127725 1.001204372892022
10 0.57528031 0.9973463424999998 0.5670797940569676 0.7037400010762863 0.547161305374365 0.7041263410420404 0.5553618213173973 0.9977326824657538
10 0.555739736 0.9974410791666666 0.5539874101352442 0.746440589245547 0.5359737391352442 0.7465279225788805 0.537726065 0.9975284125
1 0.7213297030406606 0.4943970787969504 0.4060831196692532 0.49230244898575837 0.4036040409689642 0.7514045473079985 0.7188506243403715 0.7534991771191906
9 0.8777722200074976 0.8800307858028487 0.8741473453131933 0.36081139210995583 0.24866020697432784 0.36384387238349386 0.25228508166863217 0.8830632660763865
8 1.0000000000000002 0.23053107833333342 0.08661853400000005 0.2305310783333334 0.08661853400000011 0.9979952725 1.0000000000000002 0.9979952725
7 1.005216336670261 0.9952619301987844 0.9989149865624036 0.09267027105108298 0.008034297525732592 0.09747425078594306 0.01433564763358993 1.0000659099336444
6 1.0063916261425683 0.99525623217252 0.9994192383660586 -0.003453485586561218 0.003004656214450371 0.0013773231124247492 0.009977043990960019 1.0000870408715061
5 1.0000000000000002 5.102694996447305e-17 0 0 7.347880794884119e-17 1 1.0000000000000002 1
4 1.0000000000000002 5.102694996447305e-17 0 0 7.347880794884119e-17 1 1.0000000000000002 1