9 0.8525296356027746 0.27967299537864776 0.5275485492888234 0.07938776755989546 0.2605618783239289 0.3802282354074241 0.5855429646378801 0.5805134632261765
8 0.9955577700781545 0.22890098576311596 0.48081632662079016 -0.041407951145317624 0.12066892436021451 0.43485470095523737 0.6354103678175789 0.705163637863671
7 0.978695631 7.269965902910472e-17 0.13690359300000002 2.9745578825586924e-17 0.13690359300000007 0.6926854124999999 0.978695631 0.6926854125
6 0.995234382 6.343223928668406e-17 0.03165176400000003 1.4263557251362108e-17 0.03165176400000008 0.7843025641666667 0.9952343820000001 0.7843025641666668
5 0.997150701 5.628854063792392e-17 1.0060582999651691e-17 5.4069817109577e-18 7.477319170887494e-17 0.880697585 0.9971507010000001 0.880697585
4 0.997150701 5.0894549469942085e-17 1.949239694032863e-20 1.2990542975855478e-20 7.149645545863256e-17 0.97275616 0.9971507010000001 0.97275616
3 0.997150701 5.0881558926966224e-17 0 0 7.290271939876069e-17 0.9921598 0.9971507010000001 0.9921598
2 0.997150701 5.0881558926966224e-17 0 0 7.32694448425849e-17 0.9971507008333333 0.9971507010000001 0.9971507008333333
0 0.997150701 5.0881558926966224e-17 0 0 7.32694448425849e-17 0.9971507008333333 0.9971507010000001 0.9971507008333333
10 0.5221701286709303 0.33078610355616067 0.35749481784411397 0.23402716081954783 -0.08322386070500039 0.7549055540476479 0.08145145012181593 0.8516644967842607
1 0.7033185688491044 0.33040209469781373 0.5718938078754998 0.20600344500894593 0.4045911424453063 0.3287479044399509 0.5360159034189109 0.45314655412881866