10 0.5555381186126739 0.25444815247441477 0.5492077497993472 0.2137499807673273 0.34689898839699496 0.2356027415938517 0.35322935721032167 0.27630091330093914
10 0.6121828074688518 0.2459432746183308 0.4268207332906698 0.19663975320778102 0.4146173220591822 0.22850092144240128 0.5999793962373643 0.2778044428529511
10 0.8056456321299827 0.2900440870077675 0.7039362542956424 0.25854303265762485 0.6905782417449552 0.2884943040793709 0.7922876195792955 0.3199953584295135
10 0.8743855262815357 0.39324966749543583 0.8259115154546517 0.3845658376633554 0.8055794211731159 0.463382361001253 0.854053432 0.4720661908333334
10 0.8055373208702722 0.5125747375670924 0.7532847998803078 0.505201356661232 0.7093461035281932 0.7214359897589502 0.7615986245181575 0.7288093706648106
10 0.5632930447296389 0.6547503052815535 0.53151906045691 0.6266646798932349 0.2598878091052972 0.840069792460613 0.2916617933780263 0.8681554178489315
9 0.9525817320211479 0.018476321269360194 0.5897662829841609 0.011439135991736077 0.5819109631560789 0.2926863090759874 0.944726412193066 0.2997234943536115
8 1.007219760534169 0.019536083411277872 0.4964622119445417 0.009629405511239761 0.4864455163082574 0.36826115650034386 0.9972030648978846 0.378167834400382
7 1.0103958914630877 0.019597687542407195 0.4082543834978227 0.0079185219943925 0.3961460344885323 0.44143857371062156 0.9982875424537971 0.45311773925863624
6 1.0130091550933902 0.019648374530003145 0.31712640833466893 0.0061509993694170316 0.3028799247002684 0.516223536375514 0.9987626714589898 0.5297209115361001
5 1.0154154255144288 0.019695046669472575 0.22731837115136433 0.004409078225060185 0.21091051220784204 0.5918661920271325 0.9990075665709065 0.607152160471545
4 1.0177538320168678 0.01974040252150439 0.1341026089306875 0.0026010604761865373 0.11555661501051706 0.6666106599329281 0.9992078380966973 0.683750001978246
3 1.0201018712818681 0.0197859451947887 0.046590709090207266 0.0009036759071216699 0.025836859324284644 0.7439620364078322 0.9993480215159455 0.7628443056954992
2 1.0000000000000002 5.102694996447305e-17 0 0 6.13272222235869e-17 0.8346246208333333 1.0000000000000002 0.8346246208333334
0 1.0000000000000002 5.102694996447305e-17 0 0 6.708876297166183e-17 0.9130355383333334 1.0000000000000002 0.9130355383333334
1 0.8590823064243673 0.0741082685604959 0.6784186321463471 0.07060410840654635 0.6742818078907667 0.21871652594522084 0.854945482168787 0.2222206860991704