10 0.4774396101927924 0.3621675252277084 0.4235537692713027 0.31618850402136145 0.4079176014956244 0.3289142360097341 0.46180344241711413 0.374893257216081
0 0.976 0.0858333333333334 3.266612223741731e-17 0.08583333333333336 9.457201793431602e-17 0.9283333333333333 0.9760000000000001 0.9283333333333333
2 0.9333854511100615 0.13439104078097955 0.03231128956069927 0.11806723350653435 0.012614076523382124 0.8731270666036842 0.9136882380727445 0.8894508738781296
3 0.876 0.16750000000000007 0.07400000000000004 0.1675 0.07400000000000008 0.8391666666666666 0.8760000000000001 0.8391666666666666
8 0.6967750177430803 0.48974331677312527 0.47305322924059623 0.32328365270877696 0.2730354861603975 0.5099668795836291 0.49675727466288155 0.6764265436479773
9 0.582 0.41583333333333344 0.3870000000000001 0.4158333333333334 0.3870000000000001 0.5825 0.582 0.5825
1 0.5380024937655862 0.4591251039068994 0.43900000000000006 0.455 0.433995012468828 0.5384164588528678 0.5329975062344141 0.5425415627597674
4 0.827 0.21000000000000008 0.12900000000000006 0.21000000000000002 0.1290000000000001 0.7941666666666667 0.8270000000000001 0.7941666666666667
5 0.778 0.25000000000000006 0.17900000000000005 0.25 0.17900000000000008 0.7525 0.778 0.7525
6 0.73 0.29250000000000004 0.23300000000000007 0.2925 0.2330000000000001 0.71 0.73 0.71
7 0.7078458933107535 0.6412933954276038 0.6492726502963589 0.3093783516793677 0.2580567315834039 0.357321478972622 0.3166299745977984 0.689236522720858
10 0.23703898626084285 0.5315349662663167 0.22886517612509158 0.5101215636285048 0.08486385153549289 0.5482933827509274 0.09303766167124415 0.5697067853887393
10 0.31750767073081126 0.521736276056411 0.31460183590998086 0.5031061253906032 0.22388030059687172 0.5129327067837071 0.22678613541770215 0.5315628574495149
10 0.9961138538633963 0.5521174640799046 0.8154813356349676 0.5022100838207127 0.8079057161260401 0.5212509554358934 0.9885382343544689 0.5711583356950852