4 0.98 5.000641096518359e-17 0 0 7.347880794884119e-17 1 0.9800000000000001 1
5 0.873 4.4546527318984976e-17 0 0 7.347880794884119e-17 1 0.8730000000000001 1
6 0.759 0.03250000000000006 8.675509245553894e-18 0.032500000000000015 7.315316322066203e-17 0.91 0.7590000000000001 0.91
7 0.651 0.12083333333333336 2.269678736460839e-17 0.12083333333333333 7.419318526875459e-17 0.8216666666666667 0.6510000000000001 0.8216666666666667
8 0.546 0.21000000000000002 3.7874243321219696e-17 0.21 7.614445579457448e-17 0.7308333333333333 0.546 0.7308333333333333
1 0.3410000000000001 0.38166666666666665 0.13900000000000007 0.38166666666666665 0.13900000000000007 0.5533333333333333 0.34100000000000014 0.5533333333333333
0 1.0000000000000002 5.102694996447305e-17 0 0 7.347880794884119e-17 1 1.0000000000000002 1
2 1.0000000000000002 5.102694996447305e-17 0 0 7.347880794884119e-17 1 1.0000000000000002 1
3 1.0000000000000002 5.102694996447305e-17 0 0 7.347880794884119e-17 1 1.0000000000000002 1
9 0.4691930567315833 0.6140939881456393 0.4089898391193903 0.2729424216765453 0.011469093988145659 0.3216581992661586 0.07167231160033867 0.6628097657352525
10 0.7992443210000001 0.668525 0.7322259600000001 0.668525 0.7322259600000002 1 0.7992443210000002 1
10 0.6568289570000001 0.5452750000000001 0.564851143 0.5452750000000001 0.5648511430000002 1 0.6568289570000002 1
10 1.0342606855229124 0.9938576143637603 0.9038890236761519 0.4888712182712529 0.6712867567814684 0.5305730348380936 0.801658418628229 1.0355594309306009
10 0.30882490501986914 0.4027434267502412 0.13133035080127337 0.34608021029976405 -0.06666137373554068 0.7767737483538123 0.11083318048305511 0.8334369648042894