5 0.8338471063247976 0.9090120523326448 0.7772387774589311 -0.03245395706343566 0 0 0.05660832886586663 0.9414660093960805
6 0.7191817454538608 0.8141931752948242 0.6600457751498681 -0.032031523380991925 0 0 0.059135970303992695 0.8462246986758161
7 0.602462084189781 0.7286912828549652 0.5528528580919128 0.002531152066165602 0.0025434143517374117 0.02863920743544366 0.052152640449605714 0.7547993382242432
8 0.49128354663525886 0.6371153285260858 0.44559006293170017 0.09257600491840008 0.009898675575043163 0.1179647658153914 0.055592159278601866 0.6625040894230771
9 0.3701569807248905 0.5516337602320672 0.33962812435009654 0.18781467863918558 0.017335864580002053 0.20659540763761522 0.04786472095479604 0.5704144892304969
1 0.3004451636730184 0.3889404391337932 0.1401690243705831 0.25755572025156687 -0.005972752373321981 0.381360071144091 0.15430338692911333 0.5127447900263173
10 0.7118974194180615 0.39742799082094876 0.6208211334879469 0.21800105440966036 0.38978233979254445 0.29944148969062967 0.4808586257226591 0.478868426101918
10 1.0627022464591998 0.9031566945225294 0.5883570522509478 0.4657096423796213 0.40805812617911724 0.6014783420239688 0.8824033203873691 1.0389253941668768
0 1.0000000000000002 5.102694996447305e-17 0 0 7.347880794884119e-17 1 1.0000000000000002 1
2 1.0000000000000002 5.102694996447305e-17 0 0 7.347880794884119e-17 1 1.0000000000000002 1
3 1 5.102694996447305e-17 0 0 7.347880794884119e-17 1 1.0000000000000002 1
4 0.9315191819394151 0.9918613515834871 0.9074341814201596 -0.015072946862097274 0 0 0.02408500051925538 1.0069342984455842
10 0.6823449998775015 0.6553309317571094 0.6183751455536785 0.6483338004375265 0.5629843270000002 1 0.6269541813238234 1.0069971313195831