6 0.845 0.11666666666666674 0.12900000000000003 0.1166666666666667 0.1290000000000001 0.7141666666666666 0.845 0.7141666666666666
5 0.9291307996051333 0.06509501480750254 0.060026653504442286 0.04900049358341563 0.04086920039486681 0.7674049851924976 0.9099733464955578 0.7834995064165846
4 0.993 7.108054130051096e-17 2.170249075007602e-17 2.041077998578922e-17 8.305729538735841e-17 0.835 0.9930000000000001 0.8350000000000001
3 1 6.033348058836774e-17 1.0925598917579314e-17 9.30653062389468e-18 7.687282905166427e-17 0.8975 1.0000000000000002 0.8975
2 1 5.4853971211808526e-17 4.4075731451401564e-18 3.827021247335479e-18 7.488599643607032e-17 0.9591666666666666 1.0000000000000002 0.9591666666666666
0 1.0000000000000002 5.102694996447305e-17 0 0 7.347880794884119e-17 1 1.0000000000000002 1
10 0.9882970585984214 0.21763929004225482 0.9736913341305911 0.19040827832257037 0.773909381487682 0.26482201068324845 0.7885151059555123 0.2920530224029329
10 0.697080605247176 0.4622409096522126 0.644859389165553 0.40968677142799315 0.6184356756953722 0.42792032936556157 0.6706568917769952 0.480474467589781
10 0.65612669 1 0.6124406329812935 0.7770420401715102 0.5836709723277057 0.7809566827342714 0.6273570293464124 1.0039146425627614
10 0.28372945383686377 0.16718087600937545 0.07426365756437975 0.02425418457847329 0.049176394000310666 0.049786522103201905 0.25864219027279467 0.19271321353410406
1 0.5899840255591055 0.41466719914802985 0.48482108626198084 0.33377263045793404 0.3879776357827476 0.42120074547390846 0.4931405750798722 0.5020953141640043
9 0.6797205153617444 0.46756524611826894 0.5446610505450942 0.2574727452923687 0.29399306243805745 0.3693780971258671 0.42905252725470755 0.5794705979517675
8 0.7 0.24000000000000005 0.2730000000000001 0.24 0.27300000000000013 0.5975 0.7 0.5975
7 0.773 0.17666666666666675 0.20033333300000003 0.1766666666666667 0.20033333300000009 0.6558333333333334 0.773 0.6558333333333334