10 0.987458759757575 0.5087682272113054 0.6878780327250558 0.37450387094806253 0.6465842584032878 0.438488436327184 0.946164985435807 0.5727527925904269
1 0.7809599665754552 0.23225374513960684 0.6521883988549272 0.13123309951341036 0.5232198918315737 0.24539758493608776 0.6519914595521018 0.34641823056228416
9 0.9065662314073062 0.19167850158835903 0.6112009793063871 0.02440663240048039 0.3973899639277163 0.28658935909749955 0.6927552160286354 0.4538612282853782
8 0.9496489468924686 0.45243212164045 0.9143691916711613 -0.006345377807976285 0.35665421251423485 0.02343795333288904 0.3919339677355423 0.48221545278131533
7 0.9988655230000001 7.361082023033682e-17 0.282893946 3.707697439477297e-17 0.28289394600000006 0.5450636216666667 0.9988655230000001 0.5450636216666667
6 0.999627176 6.69583394550749e-17 0.18586485600000002 2.543453026946139e-17 0.18586485600000008 0.6268370933333334 0.999627176 0.6268370933333335
5 0.999627176 6.114735293933943e-17 0.08884158500000003 1.4672742159019418e-17 0.08884158500000008 0.70613167 0.999627176 0.7061316700000001
4 0.9996271769999999 5.5196928853430345e-17 1.2879638737206113e-17 4.189002909523903e-18 7.018126568426938e-17 0.7798388208333333 0.999627177 0.7798388208333334
3 0.9996271769999999 5.1007925943906444e-17 0 0 6.360226082883093e-17 0.8655864541666667 0.999627177 0.8655864541666667
2 0.9996271769999999 5.1007925943906444e-17 0 0 6.930864030099059e-17 0.9432466616666666 0.999627177 0.9432466616666666
0 0.9996271769999999 5.1007925943906444e-17 0 0 7.240757051109113e-17 0.9854211374999999 0.999627177 0.9854211374999999
10 1.0068169704526648 0.023557672059261656 0.999622083 0.0007295816666666847 0.8458795220263137 0.03437965695240109 0.8530744094789785 0.05720774734499606
10 0.843538417 7.960302099866693e-17 0.706536406 7.261222623833774e-17 0.706536406 0.04830119833333341 0.843538417 0.04830119833333342
10 0.6820870184439762 0.15077999260268285 0.6159167143935349 0.0692283034717147 0.52171339670291 0.12230866541909892 0.5878837007533513 0.20386035455006707