0 1.0000000000000002 5.102694996447305e-17 0 0 7.347880794884119e-17 1 1.0000000000000002 1
2 1.0000000000000002 5.102694996447305e-17 0 0 7.347880794884119e-17 1 1.0000000000000002 1
3 1.0000000000000002 5.102694996447305e-17 0 0 7.347880794884119e-17 1 1.0000000000000002 1
1 0.7998308994085762 0.17860318523696647 0.6164965865858372 0.023516298272789886 0.45097624485761967 0.15939693044499023 0.6343105576803588 0.3144838174091668
10 0.8272096153602018 0.3405334883111263 0.7553511977292738 0.21657411697345405 0.6891071878886517 0.24324162321464826 0.7609656055195795 0.3672009945523205
10 0.9207677726941819 0.45306613347795843 0.8818154437705116 0.28684902152129954 0.8240520516871486 0.2962494552776693 0.8630043806108189 0.4624665672343283
10 1.0095556337760863 0.37378642187007327 0.9461966237585304 0.3293972109782459 0.936640989982444 0.3388689116081728 1 0.38325812250000013
7 1.0217079162767897 0.034692839858685216 0.1411697593840898 0.004793521999032283 0.11391764856414377 0.5621390929626308 0.9944558054568438 0.5920384108222837
6 1.0285554146817293 0.03492535167118864 0.023959504331180558 0.0008135622962639294 -0.008280715733665008 0.660173277878164 0.9963151946168837 0.6942850672530887
5 1 5.102694996447305e-17 0 0 5.831771572276009e-17 0.793667145 1.0000000000000002 0.7936671450000001
4 1.0000000000000002 5.102694996447305e-17 0 0 6.568555672966182e-17 0.8939387908333333 1.0000000000000002 0.8939387908333333
9 0.8807311580049798 0.02990587096210223 0.3868207720195196 0.013134782532312872 0.3695854344735689 0.36562268056107805 0.863495820459029 0.3823937689908674
8 1.0092113959969014 0.03426851119879069 0.26163507622196835 0.008884010226698092 0.23933052156256512 0.46504481942444653 0.9869068413374982 0.4904293203965391
10 0.36809064535730707 0.5593326887507124 0.2945405411569417 0.514592638380156 0.09414592038885075 0.7433686008041214 0.16769602458921606 0.7881086511746775