7 0.983005198 0.0746508158333334 2.2717182142542673e-17 0.07465081583333336 9.071073713154205e-17 1 0.9830051980000001 1
0 1 5.102694996447305e-17 0 0 7.347880794884119e-17 1 1.0000000000000002 1
6 0.995646555 0.00520754583333339 4.204471413038543e-18 0.005207545833333339 7.730063510170744e-17 1 0.9956465550000001 1
5 1 5.102694996447305e-17 0 0 7.347880794884119e-17 1 1.0000000000000002 1
4 1 5.102694996447305e-17 0 0 7.347880794884119e-17 1 1.0000000000000002 1
2 1 5.102694996447305e-17 0 0 7.347880794884119e-17 1 1.0000000000000002 1
3 1 5.102694996447305e-17 0 0 7.347880794884119e-17 1 1.0000000000000002 1
1 0.6978527714267196 0.6726904313358938 0.5533417922385503 0.42943385913951215 0.2667110032361674 0.5476826226496015 0.41122198242433683 0.7909391948459832
10 0.9814940913956098 0.3288668092826539 0.7242506447127364 0.3090234556893141 0.7222364153171266 0.32715670723999374 0.979479862 0.34700006083333346
10 0.7861692164109911 0.37195902701468714 0.4450660169618079 0.3256014665991479 0.4311102819809295 0.3969122884234481 0.7722134814301128 0.44326984883898735
10 0.9649357676053054 0.6850395796479389 0.6257077885459572 0.5384270641204758 0.6154766369406518 0.5548663386392034 0.954704616 0.7014788541666667
10 0.9279994280727569 0.7723321199498705 0.5267211659903729 0.5525015948317626 0.48163528988045506 0.6096541508245152 0.882913551962839 0.829484675942623
10 0.9527945106269198 0.9665072868464972 0.6559764127405137 0.7309213749950273 0.638281043113594 0.7464037723151967 0.9350991410000001 0.9819896841666665
10 0.797410537 1 0.48578175937834306 0.774106185140231 0.47107636223947696 0.7881941247721238 0.7827051398611339 1.014087939631893
10 0.42701606500000017 1.0000000000000002 0.23920941757699923 0.7348138580067266 0.21858237403293376 0.7449584510156353 0.40638902145593464 1.010144593008909
10 0.387974787 1.0000000000000002 0.3156939534682002 0.7601071126455128 0.2925286318554026 0.764954208658256 0.3648094653872025 1.0048470960127434
9 0.821042747402198 0.3600213791294336 0.17793224960663712 0.3256777243634473 0.13648606538204558 0.8646434524098681 0.7795965631776064 0.8989871071758544
8 0.961559377 0.20738553083333341 5.231041407967907e-17 0.20738553083333336 1.1055078043704928e-16 1 0.9615593770000002 1