0 1.0000000000000002 5.102694996447305e-17 0 0 7.347880794884119e-17 1 1.0000000000000002 1
2 1.0000000000000002 5.102694996447305e-17 0 0 7.347880794884119e-17 1 1.0000000000000002 1
6 0.985 5.0261545715005955e-17 0 0 5.602759106099141e-17 0.7625 0.985 0.7625000000000001
3 1.0000000000000002 5.102694996447305e-17 0 0 7.347880794884119e-17 1 1.0000000000000002 1
5 1 5.102694996447305e-17 0 0 6.349793653579026e-17 0.8641666666666666 1.0000000000000002 0.8641666666666666
4 1 5.102694996447305e-17 0 0 7.121321137041859e-17 0.9691666666666666 1.0000000000000002 0.9691666666666666
1 0.51562351543943 0.3500682897862233 0.5073919239904988 0.15113816310372133 0.2676769596199525 0.15802652414885196 0.2759085510688836 0.35695665083135397
9 0.63 0.056666666666666726 0.15200000000000002 0.056666666666666705 0.15200000000000005 0.4558333333333333 0.63 0.4558333333333333
8 0.748 4.8621725077137857e-17 0.030000000000000016 1.1984375002646213e-17 0.030000000000000058 0.5558333333333333 0.748 0.5558333333333333
7 0.865 4.4887314427236154e-17 1.1536172847968067e-18 7.49002707966965e-19 4.9527165851117265e-17 0.6583333333333333 0.865 0.6583333333333333
10 0.054884316780899924 0.307976384232171 0.04382681898399179 0.29984330673432913 -0.01105749779690808 0.3516621508354915 5.684341886080802e-17 0.35979522833333333
10 0.9545616139546476 0.45112302981975283 0.7667636128582123 0.3136938203339137 0.7259061492150521 0.3524660545726376 0.9137041503114874 0.4898952640584767
10 0.7847773199999999 1 0.6984192605481685 0.7762138337277616 0.6831393046246113 0.7803086012290099 0.7694973640764426 1.0040947675012482