2 0.9090141974995265 0.8018602908612111 0.8998801488222428 0.1477120174484065 0.11414617851210802 0.15533105580534268 0.12328022718939184 0.8094793292181474
0 1.128564333689209 0.47353763785301967 0.4837637282034846 -0.03521177087648743 -0.10938889914514931 0.4868543194351736 0.5354117063405751 0.9956037281646807
10 0.9795297808011644 0.2693451127934516 0.9717091299986431 0.2574807534578481 0.8226796585999789 0.32570021261728743 0.8305003094025001 0.33756457195289086
10 0.630229223574759 0.018260584517768366 0.6120085876950306 0.015776244885839515 0.5847822267222483 0.15444533560142765 0.6030028626019767 0.1569296752333565
10 0.264429008002162 0.19928367483681494 0.1131583211861462 0.110916109538832 0.09858513168571358 0.12824034227152073 0.2498558185017294 0.2166079075695037
10 0.339315697993719 0.35803650554657357 0.24207605955202055 0.3069965202836374 0.23159868796699742 0.32085841671175797 0.3288383264086959 0.37189840197469415
10 0.4275098223413049 0.3762120668555005 0.35257884418544894 0.3440866423057473 0.34064581458000426 0.3634152580454303 0.4155767927358603 0.39554068259518355
10 0.6000215030274116 0.41768706736612643 0.595588400490593 0.39243199131124773 0.5786748542358464 0.39449371888472395 0.5831079567726651 0.41974879493960265
10 0.6931658672683555 0.4084212046768442 0.6882920590842889 0.392583921230709 0.6218885473146175 0.40677502902840623 0.626762355498684 0.42261231247454145
10 0.7207789262345614 0.38889698992470384 0.7203399556040208 0.37072991494402713 0.6569581139368996 0.3717934524696762 0.6573970845674403 0.3899605274503529
10 0.19687214785558785 0.7229451153809057 0.1780056335325827 0.7104352956417078 0.032751837054300896 0.8625620564617597 0.051618351377306054 0.8750718762009575
1 0.5609910708315716 0.4383219536064851 0.4778101493932843 0.4352746076104616 0.47400756323641824 0.5073552304771691 0.5571884846747056 0.5104025764731926
9 0.6047170666274742 0.40390328107616114 0.43349018895281244 0.3996151264879676 0.4283036763734283 0.5434335247321512 0.5995305540480901 0.5477216793203448
8 0.6686879834535316 0.5596502242682495 0.6202249005228909 0.3502256228126473 0.3682944266320707 0.39071131340667953 0.41675750956271135 0.6001359148622818
7 0.746055159654583 0.4073339994524089 0.4321646484516065 0.28226643704775667 0.2844435167113921 0.5397287319705061 0.5983340279143686 0.6647962943751583
6 0.823010486582569 0.47895039233287795 0.5119298613615769 0.21822540707897312 0.20803352941743108 0.47002398766712217 0.5191141546384233 0.730748972921027
5 0.7808548731977033 0.2604742886408751 0.25893766900322995 0.25288253451863185 0.2498132979590955 0.688494624358584 0.7717305021535689 0.6960863784808273
4 0.8286690494966737 0.22784322387376013 0.21266459791310413 0.21888288976478204 0.20207474880300222 0.7244594454429161 0.8180792003865719 0.7334197795518942
3 0.8685164275839162 0.7656298390987969 0.860361159111118 0.18157852257708795 0.1625974044160838 0.1883445409012032 0.170752672888882 0.7723958574229122