10 0.2633397628064827 0.554859151944011 0.1730337226189757 0.5484988849822048 0.13203470083282087 0.9527511456820295 0.22234074102032786 0.9591114126438356
10 0.304576811 1.0000000000000002 0.25422113851181194 0.6645774511160429 0.23101501401199404 0.6669967875804375 0.28137068650018215 1.0024193364643947
10 0.6004451400608996 0.9625993304191166 0.39209659648687417 0.5808464532150921 0.3091662843059093 0.6122775081825663 0.5175148278799347 0.9940303853865909
10 0.601461566577749 0.4815079009642804 0.3469112758692798 0.34031488576374175 0.30511117087586836 0.39264784162032873 0.5596614615843375 0.5338408568208673
10 0.40149106974099386 0.37761326239683796 0.22570100094412782 0.26473976543796657 0.1762497068916416 0.31822298274782906 0.35203977568850764 0.4310964797067004
10 0.4408855690332074 0.27414810890985075 0.2701012234632561 0.16003640299978314 0.22271367725402288 0.20928791762411636 0.39349802282397417 0.32339962353418394
10 0.6038088196166561 0.08638504781087453 0.5881462211970246 0.01606373138641338 0.36769540804786605 0.05016150584749415 0.3833580064674976 0.12048282227195531
10 1.002878429511764 0.067777222291446 1 0.04691984750000001 0.6985409473489063 0.07581079542661995 0.7014193768606704 0.09666817021806595
1 0.6983933269536042 0.35977344603072114 0.549539384551582 0.14343443069343836 0.30191475813581575 0.26175406916414434 0.4507687005378381 0.47809308450142707
9 0.9164749305 0.3219682562500006 0.48682692150000073 -0.03607175124999995 0.0824458335 0.30091248874999954 0.5120938424999992 0.65895249625
8 0.9539672070264599 0.023131341810244576 0.055955213814133396 0.0013567753433670366 0.032600782568263015 0.6702232416831365 0.9306127757805894 0.6919978081500141
0 1.0000000000000002 5.102694996447305e-17 0 0 7.347880794884119e-17 1 1.0000000000000002 1
2 1.0000000000000002 5.102694996447305e-17 0 0 7.347880794884119e-17 1 1.0000000000000002 1
3 1.0000000000000002 5.102694996447305e-17 0 0 7.347880794884119e-17 1 1.0000000000000002 1
4 1.0000000000000002 5.102694996447305e-17 0 0 7.347880794884119e-17 1 1.0000000000000002 1
5 1.0000000000000002 5.102694996447305e-17 0 0 7.347880794884119e-17 1 1.0000000000000002 1
6 1.0000000000000002 5.102694996447305e-17 0 0 6.864296969480521e-17 0.9341873066666667 1.0000000000000002 0.9341873066666667
7 1 0.00005687166666671781 0.0000915490000000002 0.00005687166666666678 0.00009154900000005939 0.80549026 1.0000000000000002 0.8054902600000001