10 0.9789310057189268 0.5108089924753603 0.7780025298951307 0.46983284421664434 0.7704793001390445 0.4954512553126835 0.9714077759628407 0.5364274035713996
1 0.656582872928177 0.3924378453038675 0.537596685082873 0.387219152854512 0.5314530386740332 0.4844935543278086 0.6504392265193372 0.4897122467771641
9 0.7598943396226417 0.4321415094339624 0.5865056603773586 0.2996918238993711 0.42814716981132084 0.4436540880503145 0.601535849056604 0.5761037735849058
8 0.8160689956331878 0.5303187772925766 0.7005353711790392 0.2502372634643378 0.3675956331877729 0.3456106259097526 0.4831292576419214 0.6256921397379914
7 0.829 0.2350000000000001 0.35600000000000004 0.23500000000000004 0.3560000000000001 0.6358333333333334 0.829 0.6358333333333334
6 0.889 0.18916666666666673 0.29400000000000004 0.1891666666666667 0.2940000000000001 0.6866666666666666 0.889 0.6866666666666666
5 0.946 0.13583333333333342 0.23400000000000004 0.1358333333333334 0.2340000000000001 0.7366666666666667 0.946 0.7366666666666668
4 1 0.0833333333333334 0.17100000000000004 0.08333333333333337 0.1710000000000001 0.7858333333333334 1.0000000000000002 0.7858333333333334
3 1 0.030000000000000082 0.10800000000000003 0.030000000000000037 0.10800000000000008 0.8375 1.0000000000000002 0.8375000000000001
2 1 7.349156468633231e-17 0.048000000000000036 2.4913908320153966e-17 0.0480000000000001 0.885 1.0000000000000002 0.885
0 1.0000000000000002 6.546757680441893e-17 2.4822648559166606e-17 1.4440626839945873e-17 9.358656633129049e-17 0.9358333333333333 1.0000000000000002 0.9358333333333333
10 1.0052949262981938 0.02949082184074072 1 0.023748522500000084 0.8269436926278192 0.1345636452360716 0.832238618926013 0.14030594457681222
10 0.7379222737876824 0.21983510487042157 0.7174358539941461 0.1999270280426224 0.6232890285083879 0.2672060931975585 0.6437754483019241 0.28711417002535766
10 0.6496763013352334 0.18016430568667005 0.6217121876270344 0.16747145593290946 0.5593849547587901 0.2628294867259177 0.5873490684669891 0.2755223364796783
10 0.38144933668081954 0.27535708454864377 0.23593122850286158 0.23963025912251554 0.2234024865423666 0.2750681270075687 0.36892059472032457 0.310794952433697
10 0.6549499446061886 0.36259624137960655 0.6426932587019814 0.3422501427786223 0.5933716853889162 0.36288333107893406 0.6056283712931233 0.38322942967991824
10 0.7455692497202087 0.3858479479628842 0.7454462002180754 0.3599084293048554 0.6386772269700598 0.36026015210511897 0.638800276472193 0.3861996707631478
10 0.8968144475327509 0.8172267911945096 0.7449018604968621 0.5779479646249467 0.7168009734535418 0.5903372719667062 0.8687135604894304 0.829616098536269
10 0.06902196311778236 0.45105944730586334 0.06659577104604664 0.444600104664478 -0.002426192071735727 0.4626038006919479 0 0.4690631433333333
10 0.11722799371190042 0.8202208063082778 0.10883748407962145 0.814853266818908 -0.008390509632278963 0.9421103405106301 0 0.9474778800000001