10 0.307726677 0.9892148366666665 0.1939989328111119 0.5575056969335458 0.17572709497201705 0.5608483778492422 0.2894548391609052 0.9925575175823631
10 0.98189588586096 0.46721885062280666 0.4791088085644781 0.2283340995588273 0.4446792713538419 0.2786568502370228 0.9474663486503238 0.5175416013010022
10 0.9604055352370382 0.9289565008558284 0.576601402540337 0.46253351011242066 0.5551742593032987 0.4747777400899256 0.9389783919999999 0.9412007308333333
10 0.9669868583819194 0.7984473030622503 0.5915585954459184 0.40396790771754887 0.5717024990639988 0.4170909346552986 0.9471307619999999 0.8115703300000001
10 0.9647583769168011 0.8182846257864439 0.6082675817529041 0.40103277673073945 0.5895181028361028 0.41215718094429576 0.9460088979999999 0.8294090300000002
0 0.9981698800000001 5.093356452280407e-17 0 0 7.334433291283786e-17 0.99816988 0.9981698800000002 0.99816988
10 0.985703602634722 0.2816718500947302 0.7750201334942843 0.1903742125349952 0.7691840828595624 0.1997267074402651 0.9798675520000001 0.29102434500000013
10 0.9858552114525645 0.36640529080404455 0.7827994908728771 0.2555939037849658 0.7711379144203128 0.2704336204809214 0.9741936350000001 0.38124500750000007
10 0.9726813262025225 0.6883382755933003 0.6952777221045133 0.41686385352799943 0.6766456459019909 0.4300853904346994 0.9540492500000001 0.7015598125000002
10 0.9669775170558071 0.7697690208506841 0.7175001113298798 0.5206344268865529 0.6994947812740725 0.5331553335358692 0.9489721869999999 0.7822899275000004
1 0.6100980783147764 0.21621732153952913 0.46231013528392223 0.09703128288212302 0.3057384917446797 0.2318543607142142 0.45352643477553384 0.35104039937162035
9 0.7229478709864086 0.09024749405284012 0.3236736818561512 -0.015468239058386726 0.18497172679461116 0.3483225518998434 0.5842459159248685 0.4540382850110702
8 0.769474541 5.244483464951602e-17 0.12417285100000001 1.9517057601896116e-17 0.12417285100000006 0.49159518999999996 0.769474541 0.49159518999999996
7 0.868055279 4.92615376131425e-17 0.006849900000000016 5.316853829774451e-18 0.00684990000000006 0.5753068316666666 0.868055279 0.5753068316666666
6 0.97009493 4.950098545389899e-17 0 0 4.8211036650194465e-17 0.6561216491666667 0.97009493 0.6561216491666668
5 0.9981698800000001 5.093356452280407e-17 0 0 5.4215304720689305e-17 0.7378359316666666 0.9981698800000001 0.7378359316666667
4 0.9981698800000001 5.093356452280407e-17 0 0 6.013209841345298e-17 0.8183597433333334 0.9981698800000002 0.8183597433333335
3 0.9981698800000001 5.093356452280407e-17 0 0 6.572990070040023e-17 0.8945422841666667 0.9981698800000002 0.8945422841666667
2 0.9981698800000001 5.093356452280407e-17 0 0 7.112067999742734e-17 0.9679073733333333 0.9981698800000002 0.9679073733333333
10 0.593741134041996 0.5387611830526647 0.2787420680924149 0.24857051853887757 0.2262665443109664 0.28812722450107564 0.5412656102605475 0.5783178890148629