9 0.674626992 4.354397338053389e-17 0.04338264300000001 1.1333499568754527e-17 0.043382643000000054 0.47700525416666667 0.674626992 0.47700525416666667
8 0.835382643 4.2627028325550254e-17 0 0 4.486541854869321e-17 0.6105899075 0.835382643 0.6105899075
7 0.998745288 5.096292583802923e-17 0 0 5.4380730132782824e-17 0.7400872666666667 0.998745288 0.7400872666666668
6 0.999796837 5.1016583176237416e-17 0 0 6.416779580142277e-17 0.8732830266666667 0.9997968370000001 0.8732830266666667
5 0.999796837 5.1016583176237416e-17 0 0 7.316594375712263e-17 0.9957421166666668 0.9997968370000001 0.9957421166666668
4 0.999796837 5.1016583176237416e-17 0 0 7.346387974928895e-17 0.9997968366666666 0.9997968370000001 0.9997968366666666
3 0.999796837 5.1016583176237416e-17 0 0 7.346387974928895e-17 0.9997968366666666 0.9997968370000001 0.9997968366666666
2 0.999796837 5.1016583176237416e-17 0 0 7.346387974928895e-17 0.9997968366666666 0.9997968370000001 0.9997968366666666
0 0.999796837 5.1016583176237416e-17 0 0 7.346387974928895e-17 0.9997968366666666 0.9997968370000001 0.9997968366666666
10 0.1448865922634206 0.2793744269943601 0.12656981936734565 0.2666105310949726 -0.018316772896074893 0.41099863493394584 5.684341886080802e-17 0.4237625308333334
10 0.11216794533562678 0.3746484087326667 0.05499134433135946 0.36459567636765117 -0.017158335275295086 0.6495702604510275 0.04001826572897224 0.6596229928160432
10 0.2644735896492026 0.5488496913022775 0.2395836133185462 0.543175787264175 0.09055754900000011 0.9971615541666669 0.1154475253306565 1.0028354582047692
10 0.28581212305803166 0.5287281396355453 0.2568045102266955 0.5236668659267891 0.13818604500000017 0.9957755341666666 0.16719365783133636 1.0008368078754228
1 0.550695320846205 0.11576086064881129 0.25088813293011986 0.05299845552202854 0.1726940925577195 0.31238869200739444 0.4725012804738046 0.3751510971341772