5 0.9999999999999999 0.014545887500000104 1.2400680666525789e-19 -5.920287638824692e-18 -0.01895620059160812 0.9050000000767738 0.9810437994083918 0.9195458875767739
6 1.000000000004443 0.014545887287892929 0 0 -0.016372850731922253 0.7816666667021306 0.9836271492725207 0.7962125539900236
7 1.0000000000000002 0.01454588750000007 0.0759999994811093 0.0011054876821327971 0.06231522877315793 0.6544388206330438 0.9863152292920487 0.6678792204509111
8 0.9999999999999999 0.014545887500000066 0.22199999948499333 0.003229187280313826 0.21091603346922863 0.5323958538593767 0.9889160339842352 0.5437125540790629
1 0.8336921549889291 0.03120347448845706 0.5308451191511268 0.019369500314104168 0.5162174042606089 0.27932960604244844 0.8190644400984113 0.29116358021680133
9 0.9850000002447804 0.014327699544451903 0.37599999993474176 0.005469253736807904 0.36760411337779375 0.4063025867261765 0.9766041136878323 0.4151610325338205
10 0.3920910937625194 0.08848852701390181 0.36696837432623675 0.06659888777511097 -0.02512271943628255 0.3791006924278759 8.526512829121202e-17 0.40099033166666675
10 0.46747641835606313 0.35340445713121427 0.4038422886796292 0.3106541175141143 0.033839738013999976 0.6931200571701652 0.09747386769043391 0.7358703967872651
10 0.45330929845580203 0.4235967066170248 0.40292261136255586 0.3768828923532334 -0.020953719316427852 0.6943853921899836 0.029432967776818315 0.741099206453775
10 0.5989826530305002 0.35521997618334966 0.5234657586071252 0.3102871422677787 -0.04384778815883646 0.972413647460932 0.03166910626453864 1.017346481376503
10 0.796799935950364 0.23949788651177262 0.7124028678167135 0.21275385700020133 0.5765686202208419 0.5104322458936048 0.6609656883544924 0.537176275405176
10 0.7465606238497963 0.48204081180305575 0.7148312252086182 0.4752134092901817 0.5522243560000001 1 0.583953754641178 1.006827402512874
10 0.8212474987788647 0.7659945014943176 0.81995235401745 0.33264386954683645 0.7391263668506628 0.33281162143011384 0.7404215116120775 0.766162253377595
10 0.894605503449418 0.3876307424813571 0.8589579337850425 0.38355353040749 0.7574286700000001 1 0.7930762396643758 1.0040772120738672
10 1.0159499440347564 0.31821649973318344 0.9213764674582452 0.27841978056586497 0.6405265475176106 0.7419028731836136 0.7351000240941219 0.7816995923509321
0 1 5.102694996447305e-17 0 0 7.347880794884119e-17 1 1.0000000000000002 1
2 1 5.102694996447305e-17 0 0 7.347880794884119e-17 1 1.0000000000000002 1
3 0.9999999999999999 0.014545887500000104 1.2400680666525789e-19 -5.920287638824692e-18 -0.020927450424866736 0.9991106891164411 0.9790725495751331 1.0136565766164412
4 0.9999999999999999 0.014545887500000104 1.2400680666525789e-19 -5.920287638824692e-18 -0.020818848223585172 0.9939258425173991 0.9791811517764147 1.008471730017399