10 0.5441243298805353 0.24383930536511908 0.5367812226933093 0.2036054534853607 0.3351851556554236 0.22915644854334374 0.3425282628426496 0.26939030042310214
10 0.6005870886613884 0.23425663521753554 0.4163072236165033 0.1882164839696563 0.40456578133366505 0.22085272255507482 0.5888456463785501 0.266892873802954
10 0.7915384349936252 0.2744788470502737 0.6902486451692504 0.24462017884807868 0.6771900000000002 0.2753833333333335 0.7784797898243748 0.3052420015355285
10 0.8559223589680602 0.37679963542183686 0.808529076554375 0.3667504197293463 0.7843302007894246 0.44600371313140064 0.8317234832031098 0.4560529288238912
10 0.8125920657919009 0.507887971436887 0.764248449598485 0.4927721562116983 0.6701137532373306 0.7018436358531017 0.7184573694307465 0.7169594510782904
10 0.5317958889511742 0.6444254820071139 0.5012240013135363 0.6170404080768164 0.21897452188272576 0.8358563676419382 0.2495464095203638 0.8632414415722356
9 0.942 8.256160504251738e-17 0.58 6.408984915537814e-17 0.58 0.2816666666666668 0.942 0.2816666666666668
8 1 7.84944569898292e-17 0.487 5.231763165805453e-17 0.487 0.35916666666666675 1 0.35916666666666675
7 1 7.333452485949895e-17 0.4 4.271835488081512e-17 0.4000000000000001 0.43416666666666665 1 0.43416666666666676
6 1 6.823694852948343e-17 0.308 3.292629915406808e-17 0.30800000000000005 0.5108333333333334 1 0.5108333333333335
5 1 6.346119713181584e-17 0.218 2.3558122259597918e-17 0.21800000000000005 0.5883333333333334 1 0.5883333333333334
4 1 5.854114080527143e-17 0.12500000000000003 1.389255958635751e-17 0.12500000000000006 0.665 1 0.6650000000000001
3 1 5.397517375153749e-17 0.03700000000000001 4.836220935749936e-18 0.037000000000000074 0.7441666666666666 1 0.7441666666666668
2 1.0000000000000002 5.102694996447305e-17 0 0 6.025262251804978e-17 0.82 1.0000000000000002 0.8200000000000001
0 1.0000000000000002 5.102694996447305e-17 0 0 6.600846247404233e-17 0.8983333333333333 1.0000000000000002 0.8983333333333333
1 0.85 0.057500000000000086 0.67 0.05750000000000007 0.67 0.2058333333333334 0.85 0.20583333333333342