5 1.0000000000000002 5.102694996447305e-17 0 0 6.539613907446865e-17 0.89 1.0000000000000002 0.89
4 1.0000000000000002 5.102694996447305e-17 0 0 7.347880794884119e-17 1 1.0000000000000002 1
3 1.0000000000000002 5.102694996447305e-17 0 0 7.347880794884119e-17 1 1.0000000000000002 1
2 1.0000000000000002 5.102694996447305e-17 0 0 7.347880794884119e-17 1 1.0000000000000002 1
0 1.0000000000000002 5.102694996447305e-17 0 0 7.347880794884119e-17 1 1.0000000000000002 1
10 0.8351776382072165 0.027669216421265474 0.812756004761017 -0.019437266992700302 0.7493650387937012 0.001515985259065218 0.7717866722399007 0.048622468673030994
10 0.4037295180689803 0.6083855906830504 0.3954868601112481 0.257759987619367 0.2981608190723751 0.2593488644006394 0.3064034770301073 0.6099744674643228
10 0.4763068118474555 0.3149455335931462 0.3864486198171819 0.31436017392011834 0.38285291327651455 0.6976758890547538 0.4727111053067881 0.6982612487277816
1 0.699 5.606752521127615e-17 0.375 3.9534793422786886e-17 0.375 0.21166666666666673 0.699 0.21166666666666673
9 0.862 5.53578623427077e-17 0.211 2.2139317915835744e-17 0.21100000000000002 0.3433333333333334 0.862 0.34333333333333343
8 1 5.4031317224801846e-17 0.052 5.657768658481392e-18 0.05200000000000003 0.48333333333333334 1 0.48333333333333345
7 1 5.102694996447305e-17 0 0 4.54343962483668e-17 0.6183333333333333 1 0.6183333333333334
6 1 5.102694996447305e-17 0 0 5.5292802981503e-17 0.7525 1 0.7525000000000001