7 1.0000000000000002 0.04916666666666674 2.1929925173126913e-17 0.04916666666666669 9.179602506448341e-17 1 1.0000000000000002 1
0 1.0000000000000002 5.102694996447305e-17 0 0 7.347880794884119e-17 1 1.0000000000000002 1
6 1.0000000000000002 5.600285074635504e-17 3.9801020972288976e-18 4.975900781881984e-18 7.745891004607009e-17 1 1.0000000000000002 1
5 1.0000000000000002 5.102694996447305e-17 0 0 7.347880794884119e-17 1 1.0000000000000002 1
4 1.0000000000000002 5.102694996447305e-17 0 0 7.347880794884119e-17 1 1.0000000000000002 1
2 1.0000000000000002 5.102694996447305e-17 0 0 7.347880794884119e-17 1 1.0000000000000002 1
3 1.0000000000000002 5.102694996447305e-17 0 0 7.347880794884119e-17 1 1.0000000000000002 1
1 0.7423384615384616 0.6334102564102565 0.5814153846153847 0.3987307692307692 0.30356923076923076 0.5310384615384615 0.4644923076923077 0.7657179487179487
10 1.000617920053121 0.2754216682967247 0.7430304553608682 0.26934035996485517 0.7424125353077473 0.2875163258347973 1.0000000000000002 0.2935976341666668
10 0.8088808861535842 0.32872698251006105 0.4660402888284879 0.30070796443272596 0.4575871937785091 0.3725357689385209 0.8004277911036055 0.40055478701585595
10 1.0089743211799245 0.6311267065634532 0.6608574118533266 0.5031291488588533 0.6518830906734019 0.5200788697954001 0.9999999999999999 0.6480764275
10 0.9782133846153848 0.7200325641025648 0.5631306153846174 0.5223741025641004 0.5223798461538477 0.5818023076923051 0.937462615384615 0.7794607692307693
10 1.0165389467077455 0.9122121680747476 0.7044282045780238 0.6932997532685913 0.6878892578702787 0.7096748426938437 1.0000000000000002 0.9285872575
10 0.9362787989999998 1 0.5378725100579734 0.7453786573401745 0.5231517308233793 0.7613742261695262 0.9215580197654056 1.0159955688293516
10 0.5635942562886714 0.9976064075514849 0.2882630797253591 0.7188905863705114 0.23753933453079867 0.7536876493215349 0.5128705110941111 1.0324034705025085
10 0.46535456799999997 1 0.3674595890786213 0.7405154150252968 0.34384569563165823 0.7467020424331006 0.4417406745530369 1.0061866274078035
9 0.841 0.3150000000000001 0.1980000000000001 0.31500000000000006 0.19800000000000012 0.8541666666666666 0.8410000000000001 0.8541666666666666
8 1 0.1808333333333334 0.025000000000000057 0.18083333333333335 0.025000000000000116 0.9983333333333333 1.0000000000000002 0.9983333333333333