0 1.0000000000000002 5.102694996447305e-17 0 0 7.347880794884119e-17 1 1.0000000000000002 1
2 1.0000000000000002 5.102694996447305e-17 0 0 7.347880794884119e-17 1 1.0000000000000002 1
3 1.0000000000000002 5.102694996447305e-17 0 0 7.200923178986437e-17 0.98 1.0000000000000002 0.98
1 0.7566538461538461 0.22855769230769235 0.7082692307692308 0.026955128205128246 0.46730769230769237 0.0671153846153846 0.5156923076923078 0.2687179487179487
10 0.799338128 0.3357339199999998 0.7798382751242596 0.18993640891518732 0.7101805155976325 0.1964061698619331 0.7296803684733728 0.3422036809467456
10 0.883879600547913 0.4245563886228022 0.8547891997853267 0.26099590240746684 0.795010843585894 0.26837924104519484 0.8241012443484802 0.43193972726053015
10 1.0106741457184305 0.3634027275903637 0.9189595230436175 0.2981018159559907 0.9082853773251872 0.3085127566989605 1.0000000000000002 0.37381366833333346
7 1 5.89269685347981e-17 0.12500000000000003 1.427838731588418e-17 0.12500000000000006 0.56 1 0.56
6 1 5.2719504250701085e-17 0.00900000000000001 2.1517968359082857e-18 0.009000000000000057 0.6625 1 0.6625000000000001
5 1 5.102694996447305e-17 0 0 5.676237914047982e-17 0.7725 1 0.7725000000000001
4 1.0000000000000002 5.102694996447305e-17 0 0 6.411025993536394e-17 0.8725 1.0000000000000002 0.8725
9 0.857 6.631899789781843e-17 0.368 4.1366819365191107e-17 0.368 0.35416666666666674 0.857 0.35416666666666674
8 0.985 6.49697192531644e-17 0.245 2.7209776279454346e-17 0.24500000000000002 0.4583333333333333 0.985 0.4583333333333334
10 0.3179659531878973 0.5487903632978508 0.2500581220008921 0.5045113506266872 0.027631255910710195 0.7414013259269224 0.09553908709771537 0.7856803385980861