3 1.0000000000000002 5.102694996447305e-17 0 0 7.347880794884119e-17 1 1.0000000000000002 1
2 1.0000000000000002 5.102694996447305e-17 0 0 7.347880794884119e-17 1 1.0000000000000002 1
0 1.0000000000000002 5.102694996447305e-17 0 0 7.347880794884119e-17 1 1.0000000000000002 1
10 0.36877477969757155 0.03755279290827661 0.3075543936380599 -0.032535427841941696 0.027924240999182445 0.13708280586400642 0.08914462705869405 0.20717102661422473
10 0.5079116785506007 0.1683236973673351 0.41312888281646165 0.16090594968951455 0.3814996759046905 0.44156772535401645 0.47628247163882964 0.44898547303183695
10 0.7379201821105671 0.3746379239113609 0.6497590190610876 0.3699298917502552 0.6149225134054367 0.8229421810097184 0.7030836764549162 0.8276502131708241
10 0.42702734672046216 0.657682585343225 0.4069106939680869 0.6557616200330865 0.35976392000000024 0.9986286191666667 0.37988057275237547 1.000549584476805
10 0.6242494940000001 0.9973463425 0.6016493152984846 0.7034539204406606 0.5817968318287672 0.7045140912350466 0.6043970105302825 0.9984065132943861
10 0.60470892 0.9974410791666664 0.5904052816906475 0.7462816898555664 0.572427129720727 0.7469927063183749 0.5867307680300794 0.9981520956294749
1 0.7557147958082826 0.7484293039298182 0.7454756692826968 0.4885023745045449 0.43047365519171743 0.49711950107018166 0.4407127817173033 0.757046430495455
9 1.0360216243445255 0.6201784059949959 0.5656765402045654 0.25397206392284344 0.15156690515059335 0.6233267311890255 0.6219119892905532 0.9895330732611778
8 1.0000000000000002 0.23053107833333342 0.11575519900000006 0.2305310783333334 0.11575519900000011 0.9979952725 1.0000000000000002 0.9979952725
7 1.0052881942662795 0.9954989934838743 0.9989853478145866 0.09269307742026339 0.02522374916712708 0.0974140609177083 0.03152659561882003 1.0002199769813191
6 1.0064082294597654 0.9954935633409421 0.9994341860893475 -0.003453227894435335 0.010005484494262832 0.0013437122550153408 0.016979527864680682 1.0002905034903928
5 1.0000000000000002 5.102694996447305e-17 0 0 7.347880794884119e-17 1 1.0000000000000002 1
4 1.0000000000000002 5.102694996447305e-17 0 0 7.347880794884119e-17 1 1.0000000000000002 1