10 0.47328770562910766 0.14637047350539548 0.4120097655464431 0.09716255886586528 0.07912539608705271 0.38503501173040905 0.1404033361697173 0.4342429263699393
1 0.6549198622207909 0.00317517666787816 0.3949198622182541 0.0019146470312413528 0.3935760801592838 0.1943951006068386 0.6535760801618207 0.19565563024347538
9 0.7821293021589741 0.0037919123186109733 0.2646888715693003 0.0012832620446578194 0.2625888482851307 0.3020860493297197 0.7800292788748046 0.3045946996036728
8 0.9112165683341508 0.004417752569546929 0.13397738437291068 0.0006495482828877228 0.13112112008597906 0.4097746680920162 0.9083603040472192 0.4135428723786753
7 1.001785562761291 0.00485684841787978 0.0007824892489800725 0.0000037932586250899366 -0.002835833865940408 0.5182844948162129 0.9981672396463706 0.5231375499754676
10 0.37304962208147824 0.41652660525745183 0.32238997364807176 0.374594341955478 -0.010320539611691742 0.6537316587814718 0.040339108821714716 0.6956639220834455
10 0.3167300818755261 0.3924694589718936 0.2919068379578059 0.3796805125309392 -0.013593199917720141 0.7914674277257124 0.01123004400000002 0.8042563741666667
6 1.0031223745253681 0.004863329536820835 0 0 -0.004374563917035426 0.6266030342692863 0.9987478106083327 0.6314663638061071
5 1 5.102694996447305e-17 0 0 5.4133785861574714e-17 0.7367265116666667 1 0.7367265116666668
4 1 5.102694996447305e-17 0 0 6.203097652853812e-17 0.8442022708333333 1.0000000000000002 0.8442022708333334
3 1.0000000000000002 5.102694996447305e-17 0 0 7.01670404932122e-17 0.9549289441666667 1.0000000000000002 0.9549289441666667
2 1.0000000000000002 5.102694996447305e-17 0 0 7.347880794884119e-17 1 1.0000000000000002 1
0 1.0000000000000002 5.102694996447305e-17 0 0 7.347880794884119e-17 1 1.0000000000000002 1
10 0.21709831187259487 0.01415508389210565 0.19162365841221776 -0.02439021186340117 -0.023232436262168903 0.07422004452455136 0.002242217198208223 0.11276534028005818
10 0.2616160272640896 0.07710890614131856 0.21265105743830715 0.03837943034675587 0.05546285176371184 0.17638650072119763 0.10442782158949432 0.2151159765157603
10 0.379445191844326 0.04615241998667749 0.33366640822084215 0.009002035036206687 -0.035828132359856824 0.3251908220630893 0.009950651263627094 0.36234120701356015
10 0.5307983159673006 0.16295371715103027 0.5042698948525575 0.11285889273577991 0.13571472957483163 0.2483961067237426 0.16224315068957476 0.29849093113899294
10 0.4555156633870874 0.3772809356359382 0.4388074931256465 0.21368592595886432 0.37916556378281513 0.21791600061492053 0.395873734044256 0.38151101029199436
10 0.5718380274077077 0.24460856719043989 0.5689333315272124 0.07817223923121687 0.4983719024270436 0.07902741900235694 0.501276598307539 0.24546374696157996