1 0.582 0.35333333333333344 0.43900000000000006 0.3533333333333334 0.4390000000000001 0.47583333333333333 0.582 0.47583333333333333
9 0.6951 0.4910833333333333 0.6019 0.2580833333333333 0.32739999999999997 0.3343333333333333 0.4206 0.5673333333333332
8 0.8235 0.41041666666666665 0.513 0.1516666666666667 0.202 0.41083333333333333 0.5125 0.6695833333333333
7 0.806 0.16166666666666674 0.21900000000000003 0.16166666666666668 0.21900000000000008 0.6558333333333334 0.806 0.6558333333333334
6 0.884 0.0983333333333334 0.15000000000000002 0.09833333333333337 0.15000000000000008 0.715 0.884 0.715
5 0.9752791686348609 0.039298535663675194 0.08220122815304692 0.02311958746654064 0.06272083136513931 0.7698681310029917 0.9557987718469532 0.7860470792001262
4 1 6.727903352815773e-17 0.00900000000000003 1.6711326113364928e-17 0.009000000000000093 0.8425 1.0000000000000002 0.8425000000000001
3 1 5.929660791342159e-17 1.1817841611771958e-17 8.269657948948542e-18 7.764260706594218e-17 0.8958333333333334 1.0000000000000002 0.8958333333333334
2 1.0000000000000002 5.381520829452791e-17 3.92036321404309e-18 2.788258330054856e-18 7.427632182505854e-17 0.9575 1.0000000000000002 0.9575
0 1.0000000000000002 5.102694996447305e-17 0 0 7.347880794884119e-17 1 1.0000000000000002 1
10 0.3186578969863017 0.41253765955920274 0.3059992346696089 0.3804050260787976 0.08486060337370505 0.440903388550429 0.09751926569039789 0.47303602203083406
10 0.7748265442664576 0.5319409893734184 0.6646816421858263 0.45859969057205374 0.6371590603172879 0.48730369475883795 0.7473039623979192 0.5606449935602026
10 1.0015674550647273 0.42583922126948937 0.8573711242359654 0.40825462060906653 0.8558036691712382 0.4171805676729107 1.0000000000000002 0.43476516833333356
10 0.5090985492126552 0.7563272284896226 0.4973079657809972 0.7547103727021501 0.4488709180000002 1 0.4606615014316582 1.0016168557874725