0 1.0000000000000002 5.102694996447305e-17 0 0 6.74986825041124e-17 0.9186142833333334 1.0000000000000002 0.9186142833333334
10 0.4996688678268903 0.016795370609528935 0.4410715043573928 -0.016089303672918522 0.33602434535598696 0.11389962083197502 0.39462170882548436 0.14678429511442248
2 1 5.102694996447305e-17 0 0 6.070367444624031e-17 0.8261385308333333 1.0000000000000002 0.8261385308333334
3 1 5.102694996447305e-17 0 0 5.3490074825771225e-17 0.7279660125 1 0.7279660125
4 1.0164460767986563 0.024646299964250606 0 0 -0.02164389319885181 0.6198769738857822 0.9948021835998045 0.6445232738500327
10 0.5083895551880927 0.10113707179181605 0.39427109289206125 0.06772396314770769 0.37152510157267143 0.12167271547587985 0.48564356386870294 0.1550858241199882
9 0.667341463 0.01618137750000005 0.22915789499999997 0.00555651166666669 0.22451577332796646 0.13850599684198114 0.6626993413279664 0.14913086267531447
10 0.7656984625040892 0.2539077522612117 0.6505240421661114 0.21673133223248722 0.6253962148019884 0.2707919390779375 0.7405706351399661 0.30796835910666204
7 0.9113673470000001 0.022098400833333354 0 0 -0.01143122501309698 0.3273881071669009 0.8999361219869031 0.34948650800023423
5 1.0114498895871902 0.024525154798262873 0 0 -0.01822032833240976 0.5218267289592198 0.9932295612547803 0.5463518837574827
8 0.792714286 0.019221358333333338 0.105285714 0.0025529175000000106 0.09733608005089994 0.2302289111218371 0.7847646520509 0.24689735195517046
10 0.3562939983827802 0.1970991061511103 0.3040025713646672 0.1710296605085069 0.20197802067525852 0.3131449802003683 0.25426944769337156 0.33921442584297173
10 0.47564645596505484 0.2559790486858022 0.4702530534954621 0.19153560502709135 0.3633540593301896 0.19774851723346176 0.36874746179978235 0.2621919608921726
10 0.30244644142082383 0.15955370299675684 0.2555596114809271 0.1324725592867768 0.170104188787473 0.23521763191254677 0.21699101872736973 0.2622987756225268
6 1.0043804724353782 0.02435373894092125 0 0 -0.014825776707592189 0.424607417740173 0.989554695727786 0.44896115668109426