10 0.9928735550827943 0.5624569947723761 0.6909427637877104 0.41148792747487256 0.6474065815891764 0.4719533766066297 0.9493373728842603 0.6229224439041332
1 0.783 0.27416666666666667 0.6535 0.16625 0.525 0.2733333333333334 0.6545 0.38125000000000003
9 0.843885047536733 0.12575698645923372 0.47488072601555753 0.11671276289253822 0.4641149524632671 0.42174301354076643 0.8331192739844425 0.4307872371074619
8 0.932 0.04250000000000008 0.377 0.042500000000000045 0.37700000000000006 0.5033333333333333 0.932 0.5033333333333334
7 1 7.624326802380991e-17 0.285 3.975899879921169e-17 0.28500000000000003 0.5791666666666667 1 0.5791666666666667
6 1 6.80225691066516e-17 0.18800000000000003 2.6588685735499473e-17 0.18800000000000008 0.6608333333333334 1 0.6608333333333334
5 1 6.165756452339596e-17 0.09100000000000001 1.527406700568995e-17 0.09100000000000007 0.74 1 0.7400000000000001
4 1 5.539463976175985e-17 1.3207344729645252e-17 4.367689797286795e-18 7.29701085280361e-17 0.8133333333333334 1.0000000000000002 0.8133333333333335
3 1.0000000000000002 5.102694996447305e-17 0 0 6.60696948139997e-17 0.8991666666666667 1.0000000000000002 0.8991666666666667
2 1.0000000000000002 5.102694996447305e-17 0 0 7.17643024300349e-17 0.9766666666666667 1.0000000000000002 0.9766666666666667
0 1.0000000000000002 5.102694996447305e-17 0 0 7.347880794884119e-17 1 1.0000000000000002 1
10 1.0056105703696587 0.07764240566501691 1 0.05413200833333334 0.8476611706506995 0.07937815882834061 0.8532717410203581 0.10288855616002418
10 0.8679692307692307 0.040078205128205154 0.8179981692307693 -0.0223856217948718 0.7006381692307692 0.042814378205128206 0.7506092307692306 0.10527820512820517
10 0.6833242478528894 0.18731086805126598 0.6194632067281973 0.10070697185995461 0.5229773543419378 0.15011524891029984 0.5868383954666299 0.2367191451016112