10 0.5434252627259479 0.12978050648763356 0.48346713116230006 0.057309172717283446 0.045284076026103154 0.3090623286623544 0.1052422075897511 0.38153366243270453
10 0.6806564084670895 0.1365181079707357 0.6108476971284802 0.04790959120966823 0.3241562895902082 0.20476024704687196 0.39396500092881753 0.2933687638079394
10 0.5605601533157221 0.3603679831038981 0.4436602818359274 0.35176720962116204 0.39271282373442523 0.8326470297974856 0.50961269521422 0.8412478032802218
0 1 5.102694996447305e-17 0 0 7.347880794884119e-17 1 1.0000000000000002 1
3 1 5.102694996447305e-17 0 0 7.347880794884119e-17 1 1.0000000000000002 1
2 1 5.102694996447305e-17 0 0 7.347880794884119e-17 1 1.0000000000000002 1
1 0.539825374871553 0.03145688970467735 0.18782537486412074 0.010945024793250968 0.16490802766358262 0.28405613530829743 0.5169080276710148 0.30456800021972386
9 0.7200462799427024 0.04195878388037871 0.013267298605276142 0.0007731169743723989 -0.02201703113109952 0.42126430868021775 0.6847619502063267 0.4624499755862241
8 0.9116626024079252 0.05312471628188041 0 0 -0.0477910532703027 0.5695365840878706 0.8638715491376225 0.6226613003697511
7 1.0006781825807498 0.04856905557296169 0 0 -0.05053190789993095 0.7229994655593323 0.9501462746808188 0.7715685211322939
6 1.0006781825394533 0.04856905631183506 0 0 -0.06083420295411517 0.8704024324537789 0.9398439795853382 0.9189714887656141
5 1.0006781825655588 0.048569055844760324 0 0 -0.06925220603076931 0.990845383618794 0.9314259765347894 1.0394144394635543
4 1 5.102694996447305e-17 0 0 7.347880794884119e-17 1 1.0000000000000002 1