9 0.6688916638566268 0.4030874857438558 0.3575086483892881 0.11666209330402362 0.011784111143373195 0.37766846842281093 0.3231671266107119 0.6640938608626431
1 0.4624719865278778 0.3044850793223396 0.23599029608270755 0.28805943273595525 0.2159941574721223 0.4795265815109937 0.4424758479172926 0.49595222809737805
8 0.697988733 0.09877865916666673 3.026748627643402e-17 0.09877865916666669 7.325275774406738e-17 0.6837809566666667 0.697988733 0.6837809566666667
7 0.808045393 0.008842335000000054 9.338133787755747e-18 0.008842335000000012 6.602470435221602e-17 0.7803106283333333 0.8080453930000001 0.7803106283333333
6 0.933194112 4.761804926016486e-17 0 0 6.487659730445965e-17 0.8829293658333334 0.9331941120000001 0.8829293658333334
5 0.9992956639792303 0.03878578661049241 0 0 -0.05408910099114367 0.9677622342222967 0.9452065629880866 1.006548020832789
4 1 5.102694996447305e-17 0 0 7.347880794884119e-17 1 1.0000000000000002 1
3 1 5.102694996447305e-17 0 0 7.347880794884119e-17 1 1.0000000000000002 1
2 1 5.102694996447305e-17 0 0 7.347880794884119e-17 1 1.0000000000000002 1
0 1 5.102694996447305e-17 0 0 7.347880794884119e-17 1 1.0000000000000002 1
10 0.1740207981189033 0.5293140872261465 0.13668441607741044 0.5110964559496892 -0.03733638204149281 0.7587696403902093 5.684341886080802e-17 0.7769872716666667