9 0.43997502268575545 0.05856914815689872 0.013874011857292501 0.04410057672973738 -0.00410057768575544 0.4117072626764347 0.4220004331427076 0.426175834103596
8 0.542261496 0.001548643333333363 2.2676582100766284e-18 0.0015486433333333353 3.9876852081809624e-17 0.5133859325 0.542261496 0.5133859325
7 0.6533650649999999 3.333922648028968e-17 0 0 4.441291265859038e-17 0.6044315891666666 0.6533650649999999 0.6044315891666666
6 0.768954193 3.923738713118275e-17 0 0 5.1145786913996227e-17 0.69606174 0.768954193 0.69606174
5 0.883198674 4.5066934546886944e-17 0 0 5.850775861741602e-17 0.7962535083333333 0.8831986740000001 0.7962535083333333
4 1.0002371152140275 0.0339637842966983 0 0 -0.04280346650540279 0.8753935491935495 0.9574336487086247 0.9093573334902477
3 1.0002371146140652 0.033963783022578006 0 0 -0.047200096841730245 0.9653111113464178 0.953037017772335 0.9992748943689957
2 1 5.102694996447305e-17 0 0 7.347880794884119e-17 1 1.0000000000000002 1
0 1 5.102694996447305e-17 0 0 7.347880794884119e-17 1 1.0000000000000002 1
10 0.6253427026295209 0.4548051604545109 0.4612947927619886 0.4525286363547222 0.45035458800000017 1.0000000000000002 0.6144024978675323 1.0022765240997888
1 0.34608775354151733 0.30517717122682975 0.31111467959948397 0.12988227924683385 0.09425180050221243 0.15992832139315663 0.12922487444424577 0.3352232133731525
10 0.2914842015284109 0.1817480862449508 0.27885613111275526 0.1377982270981302 -0.01262807041565575 0.19595925001984607 0 0.23990910916666675