6 0.841191817 4.292345275658317e-17 0 0 3.107370028844186e-17 0.4228933641666667 0.841191817 0.42289336416666673
1 0.463213727 3.806605308525048e-17 0.275676727 2.84966119697631e-17 0.275676727 0.10974820500000004 0.463213727 0.10974820500000004
9 0.556934272 3.7897781308244844e-17 0.182350697 1.8783923969206403e-17 0.182350697 0.18874509333333336 0.556934272 0.1887450933333334
8 0.6506329080000001 3.778062526809661e-17 0.087901383 9.066151898489993e-18 0.08790138300000001 0.26428838499999996 0.6506329080000001 0.264288385
7 0.7470055139999999 3.811741298606347e-17 0 0 2.519040558422208e-17 0.34282545249999996 0.7470055139999999 0.3428254525
5 0.942027424 4.806878622960944e-17 0 0 3.683338692126288e-17 0.5012790483333334 0.942027424 0.5012790483333334
4 1 5.102694996447305e-17 0 0 4.27479736780298e-17 0.5817728249999999 1 0.581772825
3 1 5.102694996447305e-17 0 0 4.8248695763915036e-17 0.6566341658333333 1 0.6566341658333334
2 1 5.102694996447305e-17 0 0 5.3474964949866327e-17 0.7277603766666667 1 0.7277603766666668
0 1 5.102694996447305e-17 0 0 5.934193780647643e-17 0.8076061583333334 1.0000000000000002 0.8076061583333334
10 0.8005602526904257 0.3955052419999276 0.5429825582270128 0.21591453110521197 0.49165089121827976 0.26704117181508713 0.7492285856816927 0.4466318827098028
10 1.0134073026312775 0.49387427134661993 0.7436535403909063 0.33217767973325657 0.7302462377596289 0.3477103300533036 1.0000000000000002 0.509406921666667
10 0.8936194040000003 0.9715543158333333 0.7038484667431663 0.7101929875587094 0.686223346431422 0.7190800446893928 0.875994283688256 0.9804413729640167