10 0.44959525486534263 0.34132155767271716 0.3992662426230191 0.29771415299413445 0.3825962456265713 0.31107491402609455 0.43292525786889485 0.35468231870467726
0 0.938113569 0.06473920250000008 2.7758164533379546e-17 0.06473920250000002 8.973465934251125e-17 0.9082000116666668 0.9381135690000001 0.9082000116666668
2 0.886177652 0.10452438000000007 3.864662352624878e-17 0.10452438000000001 9.427689758883797e-17 0.8616171475000001 0.8861776520000001 0.8616171475000001
3 1.0054838797350842 0.457582006267864 0.47257941850234875 0.008568365561925261 -0.13341741823488043 0.5080248849217698 0.3994870429978551 0.9570385256277086
8 0.6579116540499853 0.46040899571149624 0.44937573816460136 0.3015456582619079 0.23490638500304087 0.49705158680307465 0.44344230088842485 0.6559149242526631
9 0.5858966346035799 0.47597983907490743 0.45868165500316277 0.3620014693469866 0.30526795439641996 0.4809112192584259 0.4324829339968371 0.5948895889863467
1 0.5133994138405297 0.45596837919404387 0.42783411534491783 0.4210049576794499 0.3815283722590732 0.4997015830374443 0.46709367075468494 0.5346650045520381
4 0.9344875949069071 0.44513293523675995 0.4542078081136904 0.0672362832870616 -0.05551609709021312 0.5171132669435378 0.42476368970300366 0.8950099188932362
5 0.8665720610157336 0.4622690008679058 0.4674023431539656 0.125478026695118 0.013797338692397602 0.4988248738842707 0.41296705655416555 0.8356158480570586
6 0.7966089326225319 0.46426507411776385 0.4664704025996781 0.1860975740864805 0.09029997086160009 0.49613347710980105 0.4204385008844538 0.7743009771410844
7 0.7271816782337092 0.46623538811198056 0.4632430105299478 0.24354274285299227 0.16243687571647517 0.49112604054942627 0.4263755434202365 0.7138186858084146
10 0.19645297134741022 0.5210953546542333 0.18758663009497892 0.5007467370267875 0.04172558362611303 0.5448820656488911 0.050591924878544345 0.5652306832763369
10 0.279517079820025 0.5067527984133116 0.2753207927363736 0.4886105162409716 0.18330284399085714 0.5033908190118414 0.18749913107450847 0.5215331011841813
10 0.9525654441596537 0.5080472745870115 0.774642273796236 0.46768872425004776 0.76811392427145 0.4876752752719434 0.9460370946348677 0.5280338256089071