2 1 5.102694996447305e-17 0 0 6.466135099498024e-17 0.88 1.0000000000000002 0.88
10 0.5348465333601856 0.28232383093093916 0.4861446007998379 0.2586282736810808 0.3583002195241247 0.441101193764326 0.40700215208447243 0.4647967510141842
10 0.5657543141819114 0.3599522495461236 0.524517009212176 0.33844986011336514 0.34691862285416 0.5749765068663515 0.3881559278238953 0.5964788962991099
10 0.6059438215916408 0.2814437318052281 0.5608307569025226 0.2701437348696107 0.49335839456991387 0.45720653428533486 0.5384714592590322 0.4685065312209523
10 0.5738068730977517 0.28372326619997174 0.5242382039147987 0.2811597211922868 0.5056505182952241 0.5307508463592878 0.5552191874781772 0.5333143913669727
10 0.5910926660056289 0.37578570360614505 0.5348468544784782 0.3757694901398868 0.5347307632315811 0.6554429781853494 0.5909765747587319 0.6554591916516076
10 0.6129 0.3376916666666668 0.5612699999999999 0.3376916666666668 0.5612699999999999 0.641475 0.6129 0.641475
1 0.581 0.23333333333333342 0.426 0.2333333333333334 0.426 0.36750000000000005 0.581 0.3675000000000001
9 0.663 0.1591666666666667 0.347 0.1591666666666667 0.34700000000000003 0.435 0.663 0.435
8 0.7786085192697768 0.472052062204192 0.7118113590263692 0.06384719405003382 0.23419269776876261 0.11812204192021639 0.3009898580121703 0.5263269100743745
7 0.829 0.013333333333333398 0.18700000000000003 0.013333333333333365 0.18700000000000006 0.5641666666666667 0.829 0.5641666666666667
6 0.915 6.124934892368017e-17 0.10900000000000001 2.012162725231489e-17 0.10900000000000006 0.6275 0.915 0.6275
5 1 5.980358535836241e-17 0.03200000000000002 1.0409497792752504e-17 0.03200000000000007 0.6883333333333334 1 0.6883333333333335
4 1 5.374749206209245e-17 6.184466335694134e-18 2.720542097619403e-18 6.147726931719713e-17 0.7525 1 0.7525000000000001
3 1 5.102694996447305e-17 0 0 6.019139017809242e-17 0.8191666666666667 1.0000000000000002 0.8191666666666667
0 1.0000000000000002 5.102694996447305e-17 0 0 6.925377649178282e-17 0.9425 1.0000000000000002 0.9425