9 0.8106178289913547 0.08060223728059612 0.2642545338054278 0.06735428468995754 0.24814751618306402 0.5286563426853115 0.7945108113689909 0.54190429527595
10 0.8360407314037427 0.04077230614037979 0.8355536798189291 0.017596329410435634 0.7408571162444442 0.01897833131598347 0.7413441678292577 0.042154308045927624
10 0.503565738291578 0.042259196719015485 0.3802751193024354 -0.01198394502287203 0.36704426000000007 0.0088999141666667 0.49033487898914263 0.06314305590855421
1 0.7169772358179184 0.3177046409918583 0.5468898938035202 0.14797412169616447 0.33538631433569954 0.2951603864598663 0.5054736563500979 0.4648909057555601
10 0.2816891972096167 0.2285338629984148 0.2749633220244182 0.20438592471425357 -0.006725875185198575 0.25887086088250555 2.842170943040401e-17 0.2830187991666668
10 0.4735612531164666 0.20157382304674057 0.42274134446938144 0.15895158897217576 0.22982623914329461 0.3186870768346845 0.2806461477903797 0.36130931090924934
10 0.101545472978362 0.39105333630472766 0.09132323881050712 0.37932926227349906 -0.01022223416785488 0.4408137201354381 0 0.45253779416666673
10 0.10078919640359914 0.5370830996575742 0.08746680522689229 0.5294684111148517 -0.01332239117670673 0.6519248222906108 1.1368683772161603e-16 0.6595395108333333
10 0.1868057572739258 0.4867144968438954 0.17363742966021675 0.4756296430904272 -0.013168327613708982 0.629738791246532 5.684341886080802e-17 0.6408236450000001
8 0.9511847752475822 0.023063875698574852 0.13238078066330983 0.0032099055266429136 0.11009891248953482 0.6413583222151619 0.9289029070738071 0.6612122923870937
7 0.9994621241698791 0.02423448122173742 0.007176821872351251 0.0001740205441204337 -0.019153645188472054 0.754273586897477 0.9731316571090557 0.7783340475750942
6 1 0.024247523333333396 0 0 -0.030437321349268198 0.8717190792724102 0.9695626786507318 0.8959666026057437
5 1 0.024247523333333396 0 0 -0.03449112170460558 0.9878191484197184 0.9655088782953944 1.0120666717530518
4 1 0.024247523333333396 0 0 -0.034871678773815605 0.9987182303124927 0.9651283212261844 1.0229657536458263
2 1 5.102694996447305e-17 0 0 7.347880794884119e-17 1 1.0000000000000002 1
0 1 5.102694996447305e-17 0 0 7.347880794884119e-17 1 1.0000000000000002 1
3 1 5.102694996447305e-17 0 0 7.347880794884119e-17 1 1.0000000000000002 1