0 1.0000000000000002 5.102694996447305e-17 0 0 7.347880794884119e-17 1 1.0000000000000002 1
2 1.0000000000000002 5.102694996447305e-17 0 0 7.347880794884119e-17 1 1.0000000000000002 1
6 1.019382947539555 0.05443752301437898 0 0 -0.058265373902401656 0.7576821466769169 0.9611175736371533 0.812119669691296
3 1.0000000000000002 5.102694996447305e-17 0 0 7.347880794884119e-17 1 1.0000000000000002 1
5 1 5.102694996447305e-17 0 0 6.50745407630109e-17 0.8856232508333333 1.0000000000000002 0.8856232508333333
4 1.0000000000000002 5.102694996447305e-17 0 0 7.279529031992248e-17 0.9906977583333333 1.0000000000000002 0.9906977583333333
1 0.5617697750067682 0.32264205522996614 0.447229650297372 0.13848681371913257 0.24299786714911503 0.226700181809444 0.3575379918585113 0.41085542332027764
9 0.6483627019864994 0.4718427103056494 0.6314630020492503 0.06855591519520088 0.15511357101350062 0.08241798719435067 0.17201327095074964 0.48570478230479913
8 0.7815235836485098 0.04173525582603501 0.057311860356638045 0.003060592055108247 0.01483863106045385 0.5553818949296921 0.7390503543523256 0.5940565587006189
7 0.8981011631062611 0.047960780841313985 0.0018576005489474854 0.00009920074710364695 -0.048448021801717964 0.654272857239027 0.8477955407555956 0.7021344373332372
10 0.06784060441122768 0.31086044734519236 0.05632967136557389 0.30224132053707087 0.003566257954346213 0.35117610152521184 0.015077190999999998 0.35979522833333333
10 0.9735034557161723 0.501363280880418 0.7754415624309674 0.35868827754934757 0.7367743647134858 0.39596461561932406 0.9348362579986905 0.5386396189503946
10 0.8091155620000002 1 0.7306756036067177 0.8128649749286002 0.7161239927538363 0.8171007301503673 0.7945639511471189 1.0042357552217671