0 1.0000000000000002 5.102694996447305e-17 0 0 7.347880794884119e-17 1 1.0000000000000002 1
2 1.0000000000000002 5.102694996447305e-17 0 0 7.347880794884119e-17 1 1.0000000000000002 1
6 1.0002137767428012 0.019400195458704462 0 0 -0.021273799709303293 0.7616742973817823 0.978939977033498 0.7810744928404867
3 1.0000000000000002 5.102694996447305e-17 0 0 7.347880794884119e-17 1 1.0000000000000002 1
5 1 5.102694996447305e-17 0 0 6.404948836876474e-17 0.8716729375 1.0000000000000002 0.8716729375
4 1.0000000000000002 5.102694996447305e-17 0 0 7.173055845089885e-17 0.9762074325 1.0000000000000002 0.9762074325
1 0.5609782096505985 0.30247051642787054 0.44260201410089656 0.12490192972158716 0.23725877432061104 0.21996594585256063 0.35563496987031296 0.397534532558844
9 0.6424998274106881 0.4597558301880975 0.6312968359124788 0.058650609736950965 0.1538144565893118 0.0679118798119024 0.16501744808752125 0.469017100263049
8 0.7638186062717396 0.014815062742362552 0.04288751189538522 0.0008318482324310986 0.02737972603643518 0.5560632762175569 0.7483108204127894 0.5700464907274884
7 0.8798881001480436 0.017066352626034703 0.0008765369996463992 0.000017001746286090487 -0.017491005361932675 0.6576374327527617 0.8615205577864646 0.6746867836325103
10 0.06351203802804548 0.30901637520083075 0.05216981343829835 0.3007235036847473 -0.0012930325897471278 0.3515023568172499 0.010049192000000005 0.3597952283333334
10 0.9673166146034046 0.4697518465875507 0.7755826015667766 0.3286083202156803 0.7355352381037774 0.36638724868221634 0.9272692511404055 0.5075307750540867
10 0.8064553460000001 1 0.7199735039087789 0.7894545053630191 0.7050538664477006 0.7937102421272062 0.7915357085389219 1.0042557367641873