9 0.8111653787134959 0.5294230914266905 0.8106029371636259 0.1742019095266847 0.3852458312011169 0.17466961208098203 0.38580827275098695 0.5298907939809878
8 0.9212284143694552 0.08861871089988069 0.28287425234564956 0.08552384730068573 0.2791341471801378 0.6212483411739725 0.9174883092039433 0.6243432047731675
7 1 0.002472577500000077 0.18028964700000003 0.0024725775000000354 0.18028964700000008 0.7146967866666666 1 0.7146967866666667
6 1 0.0012653783333333977 0.07428964700000003 0.0012653783333333502 0.07428964700000008 0.8070028583333333 1.0000000000000002 0.8070028583333334
5 1.0000000000000002 0.00053222333333339 0.005615726000000012 0.0005322233333333393 0.005615726000000079 0.9037083108333334 1.0000000000000002 0.9037083108333334
4 1.0000000000000002 0.0000012758333333843736 0.00001015000000000002 0.0000012758333333333473 0.000010150000000073225 0.9962713375000001 1.0000000000000002 0.9962713375000001
3 1.0000000000000002 5.102694996447305e-17 0 0 7.347880794884119e-17 1 1.0000000000000002 1
2 1.0000000000000002 5.102694996447305e-17 0 0 7.347880794884119e-17 1 1.0000000000000002 1
0 1.0000000000000002 5.102694996447305e-17 0 0 7.347880794884119e-17 1 1.0000000000000002 1
10 0.5640343756669466 0.3517451271064419 0.3709613978469219 0.25082595861208895 -0.050946028068861095 0.8113606660559467 0.14212694975116358 0.9122798345502997
1 0.7443472591265021 0.35975607353325256 0.6000166114330708 0.2279732447085742 0.44654431506189546 0.3446991454860348 0.5908749627553267 0.4764819743107131