3 1.0228155291899994 0.45947448087534637 0.4903716413410008 0.06312913178210874 -0.014051737598917043 0.5337084048326606 0.5183921502500816 0.9300537539258983
1 0.5546843723507064 0.45484622751273274 0.46271910436779623 0.45435437411976637 0.4621222417861802 0.5318540756628227 0.5540875097690905 0.5323459290557891
9 0.602088233912557 0.5643580987482024 0.5926312919299938 0.4139837688776878 0.412121573165928 0.4218671970897596 0.42157851514849115 0.5722415269602742
8 0.6995889153533197 0.4939855981686882 0.5171670804442072 0.3351061368767488 0.3155529822405222 0.4958622388035068 0.49797481714963443 0.6547417000954462
7 0.7667934999022498 0.4928940964822174 0.5204203030763811 0.27807299650721345 0.24811939561218305 0.4949448141057542 0.4944925924380518 0.7097659140807581
6 0.8295546982890555 0.4976933083646514 0.5276975618034431 0.2261782076552122 0.1812752002512741 0.4936333085754516 0.48313233673688666 0.7651484092848907
5 0.8956231933507035 0.4792632975992412 0.5068650838345521 0.17048004525660657 0.11465152900983157 0.5133945306320506 0.503409638525983 0.8221777829746854
4 0.8409356094513992 0.7513666644674433 0.8073399546948934 0.21716393455136673 0.16790117721662934 0.24509024001535853 0.2014968319731352 0.779292969931435
2 1.0856840819597489 0.45755095432035 0.4864401945254931 0.011480423364274846 -0.08092562430374602 0.5407790358502653 0.5183182631305099 0.9868495668063404
0 1.1430293929884174 0.4017281415244445 0.4206331802676865 -0.03692719565364598 -0.1363120470092641 0.60001795742424 0.5860841657114668 1.0386732946023305
10 0.8793133676655674 0.34404034710775216 0.8734348527602367 0.32754480192730173 0.7798613665922682 0.3507022803372433 0.785739881497599 0.36719782551769375
10 0.9994885938930367 0.32062936870471687 0.9974912779999999 0.31567069083333343 0.8609617394149283 0.35386028048330603 0.8629590553079649 0.3588189583546895
10 0.7606163837397821 0.5235308729835888 0.6811973766254158 0.510597629258641 0.6768247122030342 0.5292442719218416 0.7562437193174005 0.5421775156467894
10 0.8282576264367547 0.7411870801313418 0.711593044339846 0.597037332205521 0.6893168920856737 0.6095572889348124 0.8059814741825823 0.7537070368606332
10 0.44638537679470786 0.5715373831851809 0.4255344641368078 0.5648374309002568 0.40170597297389193 0.6163350808169301 0.422556885631792 0.6230350331018542
10 0.2884692775225734 0.6368228267321393 0.2704132730066851 0.6213068902795532 0.16158083456833766 0.7092576368269848 0.17963683908422592 0.7247735732795709
10 0.3249999056103103 0.6811024843638521 0.2986831907947959 0.6654066505210259 0.1357132213688787 0.8551612770875991 0.16202993618439307 0.8708571109304254
10 0.1648427594162378 0.8731364708661005 0.15746036155947327 0.8692262090680187 0.05994461700000011 0.9970771300000001 0.06732701485676466 1.0009873917980818