5 1.0000000000000002 5.102694996447305e-17 0 0 6.881447486593309e-17 0.9365213833333333 1.0000000000000002 0.9365213833333333
6 1.0000000000000002 5.102694996447305e-17 0 0 5.96911165721948e-17 0.81235826 1.0000000000000002 0.8123582600000001
7 1.0376873452578441 0.04531907422057995 0.08932195052799535 0.003900970802290063 0.04849695508955635 0.6530570717456478 0.9968623498194051 0.6944751751639376
8 1.0279175826273481 0.04489239792740778 0.23898193554957833 0.010437093439054152 0.20591577193985164 0.5362204148237553 0.9948514190176215 0.5706757193121089
1 0.885961006669855 0.25523660899538947 0.7665506435079261 0.004739801527134991 0.4947069918156197 0.0947302730289995 0.6141173549775486 0.345227080497254
9 1.0093999016049613 0.044083672376219935 0.39439594233476 0.01722451290512624 0.36934897467225497 0.415495029045981 0.9843529339424563 0.44235418851707464
10 0.40076807929326713 0.09996000436960834 0.3732094140757628 0.07717353333002187 0.006662122782495686 0.3850302481270802 0.034220788 0.4078167191666666
10 0.5043145726187916 0.36666203459845054 0.4346897015067966 0.3238467923025246 0.10545509454945784 0.695646449610975 0.1750799656614529 0.7384616919069009
10 0.4913617945344098 0.4312437938785746 0.43503005939442146 0.3832240693051624 0.05225440284586051 0.6950521932670758 0.10858613798584883 0.7430719178404879
10 0.6353880068820268 0.3727711040529807 0.5475460983256717 0.32583675056621814 0.04488815033615231 0.9791492767949166 0.1327300588925075 1.0260836302816791
10 0.7540830354275802 0.2383964794552184 0.6624853804105211 0.23231921586147228 0.6331494585587147 0.5393723464836307 0.7247471135757738 0.5454496100773769
10 0.7962302970371558 0.5027284513529945 0.7636387272575411 0.49805948345883727 0.6600934360000001 1.0000000000000004 0.6926850057796148 1.0046689678941576
10 0.8998024856641923 0.7858346997259739 0.8535190924654238 0.3562320283392602 0.773712674103545 0.36220284239160777 0.8199960673023136 0.7918055137783214
10 0.933932271417363 0.412965429220182 0.8982268864857983 0.41148082807549335 0.8629898660000002 1 0.8986952509315649 1.0014846011446887
10 1.024003192450683 0.3856491920088303 0.922163469528366 0.35058068969229794 0.7163475636054158 0.7656459953643179 0.8181872865277328 0.8007144976808501
0 1.0000000000000002 5.102694996447305e-17 0 0 7.347880794884119e-17 1 1.0000000000000002 1
2 1.0000000000000002 5.102694996447305e-17 0 0 7.347880794884119e-17 1 1.0000000000000002 1
3 1.0000000000000002 5.102694996447305e-17 0 0 7.347880794884119e-17 1 1.0000000000000002 1
4 1.0000000000000002 5.102694996447305e-17 0 0 7.347880794884119e-17 1 1.0000000000000002 1