1 0.766 0.16500000000000006 0.608 0.16500000000000004 0.608 0.2975000000000001 0.766 0.2975000000000001
9 0.8524429268292684 0.10235528455284561 0.5314751219512196 0.09399674796747973 0.521578536585366 0.3579056910569106 0.8425463414634147 0.3662642276422765
8 0.932 0.032500000000000084 0.446 0.03250000000000006 0.44600000000000006 0.43166666666666664 0.932 0.43166666666666675
7 1 7.796917954571481e-17 0.362 4.5413985468381015e-17 0.36200000000000004 0.49916666666666665 1 0.49916666666666676
6 1 7.143873048669718e-17 0.279 3.4648299562312105e-17 0.2790000000000001 0.5666666666666667 1 0.5666666666666668
5 1 6.607261064700153e-17 0.19800000000000004 2.514899677549414e-17 0.1980000000000001 0.6366666666666667 1 0.6366666666666667
4 1 6.101122319119727e-17 0.11200000000000002 1.5699291622745193e-17 0.11200000000000007 0.7058333333333333 1 0.7058333333333334
3 1 5.655486952694865e-17 0.033000000000000015 7.211808911303208e-18 0.03300000000000007 0.7716666666666666 1 0.7716666666666667
2 1.0000000000000002 5.201006921746421e-17 2.7224840098434203e-18 9.831192529911643e-19 6.462837970674213e-17 0.8425 1.0000000000000002 0.8425000000000001
0 1.0000000000000002 5.102694996447305e-17 0 0 6.680448289348811e-17 0.9091666666666667 1.0000000000000002 0.9091666666666667
10 0.9199845802790867 0.27236076688875466 0.8944183055830134 0.22246529530448314 0.6613671749232963 0.30539212095245477 0.6869334496193696 0.35528759253672626
10 0.570540917783746 0.320018327180276 0.5013584115446419 0.3175486328623556 0.493693918309106 0.4666473962755159 0.5628764245482101 0.4691170905934363
10 0.4129267070140853 0.5098801115967161 0.36398075998194823 0.46240745394012817 0.09974065110092374 0.651602359484731 0.14868659813306084 0.6990750171413189
10 0.44499888806068294 0.69987258020654 0.3808210339214972 0.6929249153762437 0.33744411968939697 0.9711796062401811 0.4016219738285827 0.9781272710704775