10 0.5343154949548344 0.23586701947411706 0.5262626524894467 0.19607668259600142 0.3248826044739636 0.2243792305674332 0.33293544693935145 0.26416956744554887
10 0.5933941670629611 0.20298565986351533 0.4019369701688346 0.1840817181872569 0.39736228891467745 0.2162566529400115 0.5888194858088039 0.23516059461626995
10 0.778230959910375 0.24554960378271137 0.6693354689714106 0.23608546046192275 0.6653915422333923 0.26759883677774404 0.7742870331723567 0.2770629800985327
10 0.8400920272430282 0.36446684457542083 0.7937317611327254 0.3533369870859129 0.7662156414992981 0.43293111222602704 0.812575907609601 0.44406096971553505
10 0.7795341810021873 0.49213507358161973 0.7310382618207042 0.4782922393557963 0.6427101150134207 0.6931825352189908 0.6912060341949039 0.7070253694448142
10 0.5048040754529706 0.6366802574670135 0.47524335183473787 0.6098442230774527 0.18389579696579803 0.8327111407994798 0.21345652058403072 0.8595471751890407
9 0.936866647 8.129968218896285e-17 0.574063469 6.278694257820503e-17 0.574063469 0.27043724166666677 0.936866647 0.27043724166666677
8 0.998987298 7.81086566107477e-17 0.481028548 5.16788013908367e-17 0.481028548 0.34848998500000006 0.998987298 0.34848998500000006
7 0.999390456 7.309034442221411e-17 0.393260291 4.2161370820801314e-17 0.39326029100000004 0.42356271500000003 0.999390456 0.4235627150000001
6 0.999390456 6.806588302696724e-17 0.301993628 3.247984997922901e-17 0.30199362800000007 0.5002439275 0.999390456 0.5002439275000001
5 0.999390456 6.335348964993863e-17 0.211888865 2.3169685369038712e-17 0.21188886500000004 0.5773948258333333 0.999390456 0.5773948258333335
4 0.999390456 5.846441678535875e-17 0.11878410300000002 1.3529760472430655e-17 0.11878410300000006 0.6537560291666668 0.999390456 0.6537560291666668
3 0.999390456 5.3930888737337065e-17 0.03060949900000001 4.496951317963748e-18 0.030609499000000064 0.7328790583333333 0.999390456 0.7328790583333334
2 0.999390456 5.0995846793283907e-17 0 0 5.94467364052224e-17 0.8090324008333334 0.9993904560000001 0.8090324008333334
0 0.999390456 5.0995846793283907e-17 0 0 6.519830111923915e-17 0.8873075508333333 0.9993904560000001 0.8873075508333333
1 0.8474552867510196 0.048361906516697625 0.6677841068568676 0.043133356977054046 0.6615446702153204 0.192028345119889 0.8412158501094723 0.19725689465953258