6 1.0067480728829288 0.4343577619434954 0.4690102650852979 0.009181075030996837 -0.009612552089469744 0.4295513854999956 0.5281252557081609 0.8547280724124943
5 1.1051974298399165 0.37426118107040046 0.38786910182107315 -0.06977773150288885 -0.11255019723077117 0.491617228821133 0.6047781307880722 0.9356561413944223
4 1 0.01358229250000007 0.008249417000000023 0.01358229250000002 0.008249417000000083 0.8514656941666666 1.0000000000000002 0.8514656941666667
3 1 0.006193003333333394 0.004152971000000011 0.0061930033333333434 0.004152971000000078 0.9141354725 1.0000000000000002 0.9141354725
2 1.0000000000000002 0.002546680000000055 0.0016753790000000046 0.002546680000000004 0.0016753790000000762 0.9759040066666668 1.0000000000000002 0.9759040066666668
0 1.0000000000000002 5.102694996447305e-17 0 0 7.347880794884119e-17 1 1.0000000000000002 1
10 0.9935852135700403 0.2509413350442199 0.9792090639122266 0.2231809163390461 0.7830814742351565 0.293713983860685 0.7974576238929701 0.32147440256585874
10 0.710044223061688 0.4857437904769596 0.6557463100197564 0.43141640158035427 0.630154938625646 0.4491785450150631 0.6844528516675776 0.5035059339116684
10 0.6692287370000001 1 0.6342598032210479 0.7977607536928445 0.6222531182914347 0.7992024625773675 0.6572220520703868 1.001441708884523
10 0.2884450755193806 0.17684759614819495 0.07508486929725341 0.026876928044254907 0.050356170302165326 0.05130818842884201 0.26371637652429253 0.20127885653278205
1 0.6017581997718595 0.43452906366178345 0.49387586020652546 0.35047359779305987 0.39948810757618436 0.43460101389558864 0.5073704471415184 0.5186564797643122
9 0.6915387615503291 0.48477371067591707 0.5459828726085091 0.27207080226946023 0.30572788036843684 0.3862445563718389 0.4512837693102569 0.5989474647782957
8 0.7209792056438383 0.2642537647126745 0.291847320068446 0.24968227197166437 0.2744124283518341 0.6062512062091644 0.7035443139272264 0.6208226989501746
7 0.7981318145101722 0.20360026592331557 0.2225463166591525 0.1840558406460253 0.19917788268073042 0.66197457630412 0.7747633805317502 0.6815190015814103