0 1 5.102694996447305e-17 0 0 5.762228662798182e-17 0.7842027958333333 1.0000000000000002 0.7842027958333334
10 0.3185808032659403 0.7900056856429675 0.30052136331944496 0.7868851850513326 0.24941355400000012 0.9922872391666667 0.26747299394649543 0.9954077397583015
10 0.8474127936324422 0.5551686663396518 0.7947643301024894 0.2351586499637556 0.7190390820178932 0.24381032785850185 0.771687545547846 0.5638203442343981
10 0.710837148631837 0.747537565573235 0.6842248640160019 0.3987993925156607 0.6048810498390208 0.40300407545967865 0.6314933344548558 0.7517422485172529
10 0.6106938913325538 0.27842208391409834 0.5334124860257855 0.2623733709101713 0.43473495377704446 0.5923556274019045 0.5120163590838127 0.6084043404058315
10 0.5119968229914178 0.24050253805055577 0.44674021474828285 0.19840151063269448 0.15688928545868627 0.5103939056332653 0.22214589370182128 0.5524949330511266
10 0.2314593027025238 0.3445569163045077 0.17519069042278299 0.3246180892437534 0.05553520802546708 0.5591147743924475 0.1118038203052079 0.5790536014532017
10 0.1837521955390352 0.03416746235623103 0.18114102561442127 0.019474386503614813 0.003280427075386072 0.041424646647383774 0.005891597 0.0561177225
1 0.4175425015023252 0.13776125720407195 0.4067604918505903 -0.002447871765198837 0.23962063154842864 0.006477801145566345 0.2504026412001635 0.14668693011483713
9 0.499323662 3.4940466814909485e-17 0.163436536 1.780117124279683e-17 0.16343653600000002 0.21172517833333335 0.499323662 0.21172517833333337
8 0.58481097 3.465157100212823e-17 0.08038229 8.91211398712304e-18 0.08038229000000001 0.28413947916666665 0.58481097 0.2841394791666667
7 0.670248413 3.43551557559463e-17 0.0008360030000000006 1.9708220527898376e-19 0.0008360030000000267 0.3544598941666667 0.670248413 0.35445989416666673
6 0.757598368 3.8657934017102446e-17 0 0 3.13803519081807e-17 0.4270666983333334 0.757598368 0.4270666983333334
5 0.846823209 4.3210805514397504e-17 0 0 3.662826427701331e-17 0.49848745916666665 0.846823209 0.49848745916666665
4 0.9332606520000001 4.7621444593415496e-17 0 0 4.19750975522794e-17 0.5712544708333334 0.9332606520000001 0.5712544708333334
3 1 5.102694996447305e-17 0 0 4.724500274065451e-17 0.64297454 1 0.6429745400000001
2 1 5.102694996447305e-17 0 0 5.246307426339698e-17 0.7139891858333333 1 0.7139891858333334