8 0.8317694044159165 0.31358006131775584 0.5566572710099632 0.14449066984054093 0.32945107934535794 0.40120555648936174 0.6045632127513112 0.5702949479665768
0 0.997559068 5.934843297591047e-17 1.3563363821292597e-17 8.446036326468091e-18 7.849592852542305e-17 0.8836910466666665 0.9975590680000002 0.8836910466666665
2 0.9973573284573148 0.0036095231866482714 0.028833374069308658 -0.03398191654169544 -0.01836929263674842 0.810568246159814 0.9501546617512577 0.8481596858881577
10 0.252213695 0.9865441016666665 0.2291312485406271 0.8035646482124927 0.2170873473359485 0.804619725327372 0.24016979379532136 0.9875991787815457
9 0.752098875413145 0.32620429921657956 0.5627239737465356 0.21719436400710226 0.41904146806687337 0.39053394394239965 0.6084163697334828 0.499543879151877
10 0.5187346129201031 0.8545281260144298 0.40656978256386367 0.6998706521877612 0.37653063742210924 0.7149996746921398 0.48869546777834877 0.8696571485188082
10 0.5695457328219966 0.811451886228123 0.4366453523997568 0.6660370976928199 0.4110680860417415 0.6822704899206099 0.5439684664639812 0.8276852784559131
10 0.36141353599715337 0.6137866148485189 0.3282062668319174 0.5455722014497518 0.2976013072037394 0.5559185315963564 0.33080857636897537 0.6241329449951235
10 0.8050936633498564 0.5815942032413663 0.5187739188050263 0.49078437067721487 0.5045452293346934 0.5219388740201353 0.7908649738795234 0.6127487065842867
10 0.977501725 0.3588660108333334 0.7125667577830829 0.3538532713800034 0.7122788992417065 0.3644185457192747 0.9772138664586236 0.3694312851726047
1 0.6716221387872747 0.35829328885134154 0.595606506280549 0.28774084394212235 0.5030437634363472 0.3569979863585132 0.5790593959430729 0.42755043126773234
10 0.9733503260000002 0.4331428383333334 0.8035052673784058 0.42655061981242426 0.8029521643784058 0.4364467373124244 0.9727972230000002 0.4430389558333335
3 0.9971493997326538 0.00732979961992859 0.09830342735208228 -0.027557220210647628 0.05436774211437503 0.7585401017756399 0.9532137144949465 0.7934271216062162
4 1.1480388661598189 0.2703975619638241 0.513069425654582 -0.1365681034894627 -0.029608975542881836 0.4514288805074434 0.605360464962355 0.8583945459607302
5 1.061738911563705 0.23755002237040965 0.4732175864390905 -0.05815727995186589 0.07974921922442027 0.4856530911887211 0.6682705443490348 0.7813603935109966
6 0.9980271518433385 0.353197944830097 0.605550219150413 0.004905038969090943 0.14675039147767152 0.36393464462029557 0.5392273241705969 0.7122275504813016
7 0.8918133128607939 0.24161835670901358 0.4747849057366425 0.08678987407992596 0.26909619202410534 0.47152580890630674 0.6861245991482567 0.6263542915353943