6 0.840190138297156 0.14347292965689198 0.1240446439343494 0.12263263670331043 0.09899365053028503 0.7204381345938635 0.8151391448930916 0.7412784275474451
5 0.929044823443039 0.09678306203194363 0.06032718640163536 0.05116236093225892 0.006069327556961092 0.768653997134723 0.8747869645983647 0.8142746982344078
4 0.9753205739999999 0.01358229250000007 2.0628566008622252e-17 0.01358229250000002 8.219523956320901e-17 0.8514656941666666 0.975320574 0.8514656941666667
3 1.0001661421743129 0.029990968938877524 0.005870866947025009 0.0010563403426871927 -0.0317982605844653 0.8999752843277791 0.9624970146428226 0.9289099129239694
2 1.0001879635404836 0.029470242750450855 0.0024094423861921238 0.0004342482455632723 -0.03786544145832261 0.961535736417343 0.9599130796959688 0.9905717309222306
0 1.0002032044008116 0.029106554385880522 0 0 -0.04155527948188 0.991656265098409 0.9586479249189316 1.0207628194842895
10 0.9780553129782524 0.2539462724154028 0.967082173825706 0.22411357464726278 0.7590835659336911 0.27724314384777754 0.7700567050862375 0.3070758416159176
10 0.6790138819795247 0.48436036729423676 0.623307018221027 0.43238197202531836 0.5970785821129098 0.4519026881339869 0.6527854458714075 0.5038810834029053
10 0.6009156630000001 1.0000000000000002 0.5800186601524985 0.7979357662254878 0.5678241713716025 0.7988115475097156 0.588721174219104 1.0008757812842277
10 0.27672734615381306 0.1768177670001276 0.0732584713443106 0.026784108541449615 0.04707369756489317 0.05144425310488323 0.25054257237439564 0.2014779115635612
1 0.5726381120676213 0.4348216320895954 0.4710068516501856 0.3502457051973363 0.3703347377504481 0.43425498111326816 0.47196599816788387 0.5188309080055272
9 0.6610366701981896 0.48760296904623707 0.5299919976968739 0.27488127980841653 0.2774154170016649 0.38293461693748426 0.4084600895029804 0.5956563061753049
8 0.6911235608515531 0.2638091078254961 0.26404794708541024 0.2493074373250353 0.2465716726345803 0.6067227087624315 0.6736472864007234 0.6212243792628924
7 0.7674347948679493 0.20297685701614643 0.19450250986688072 0.18352252351581064 0.17107860957049115 0.6625756266963116 0.7440108945715598 0.6820299601966475