0 1 6.063964228815457e-17 0.015000000000000025 1.0378096573148617e-17 0.015000000000000081 0.7625 1 0.7625000000000001
10 0.09952972156155614 0.5904780739731718 0.09408517883914533 0.5845690593600295 -0.005444542722410745 0.6482539845535243 5.684341886080802e-17 0.6541629991666668
10 0.20494824809109002 0.5158242947076898 0.19657381949633218 0.5053878026684485 -0.008374428594757774 0.6195920762940922 5.684341886080802e-17 0.6300285683333333
10 0.621251793787992 0.11761520462332249 0.596460442330343 0.1135152544512817 0.5764519744974064 0.19753337549897293 0.6012433259550554 0.20163332567101372
10 0.178074339316735 0.35282387275625987 0.17607850676028017 0.34386014264751 -0.0019958325564548005 0.37139445155791684 1.4210854715202004e-17 0.38035818166666674
10 0.134845907039535 0.15966418099571095 2.1316282072803006e-17 0.12441264583333334 -0.003408130355343218 0.13346608190983492 0.1314377766841918 0.1687176170722125
10 0.894739582621895 0.46469563713330614 0.7609237716584937 0.43014719270262675 0.7540158046310397 0.4487280905854606 0.887831615594441 0.4832765350161401
10 0.6522558839148306 0.3507029616071535 0.6494583623130797 0.33240088885958763 0.5849270917495737 0.33925073624359536 0.5877246133513246 0.35755280899116115
10 0.7424070967650409 0.2907869730417595 0.7312676505369198 0.27515844935735384 0.6637058039163567 0.3085998659006981 0.6748452501444777 0.3242283895851038
10 0.9016679727077743 0.3203680799576616 0.8960759784985632 0.29910867608556924 0.7977510210934626 0.3170691133341843 0.8033430153026737 0.33832851720627666
10 0.9619545247873131 0.23287656195299178 0.9504967380303642 0.2151651564235151 0.8271436630261789 0.27058115920377646 0.8386014497831279 0.2882925647332531
1 0.5912030769230769 0.2961205128205129 0.48940615384615394 0.29140769230769237 0.4834800000000001 0.3803000000000001 0.5852769230769231 0.38501282051282054
9 0.638 0.2508333333333334 0.436 0.2508333333333334 0.43600000000000005 0.42250000000000004 0.638 0.4225000000000001
8 0.6955966735966737 0.20958593208593218 0.3865634095634096 0.20127858627858633 0.37643555093555103 0.4629149341649343 0.6854688149688151 0.4712222799722801
7 0.743 0.16166666666666674 0.332 0.1616666666666667 0.3320000000000001 0.5116666666666667 0.743 0.5116666666666667
6 0.792 0.11500000000000007 0.279 0.11500000000000005 0.2790000000000001 0.5525 0.792 0.5525
5 0.845 0.0683333333333334 0.22400000000000003 0.06833333333333337 0.2240000000000001 0.5958333333333333 0.845 0.5958333333333333
4 0.896 0.02416666666666674 0.17400000000000002 0.0241666666666667 0.1740000000000001 0.6366666666666667 0.896 0.6366666666666667
3 0.948 6.757538233725078e-17 0.11900000000000002 2.5274040816702625e-17 0.11900000000000009 0.6808333333333333 0.948 0.6808333333333334
2 1 6.488772511883245e-17 0.06900000000000003 1.7381634701908033e-17 0.06900000000000009 0.7183333333333334 1 0.7183333333333334
10 0.8825167077558872 0.16759180412554803 0.8679457878798675 0.149953322170366 0.7420451366275959 0.22217893732112476 0.7566160565036155 0.2398174192763068