10 0.47127298003363205 0.14408806173398173 0.41071301981487507 0.09514386646019365 0.07376858223539054 0.3846649450295947 0.13432854245414755 0.43360914030338277
1 0.653 5.54662946113822e-17 0.393 4.2199287620619217e-17 0.393 0.19250000000000006 0.653 0.19250000000000006
9 0.78 5.409900426982192e-17 0.263333333 2.7735080104501856e-17 0.263333333 0.3008333333333334 0.78 0.30083333333333345
8 0.909 5.364066372353618e-17 0.133 1.4043750551105093e-17 0.13300000000000003 0.40916666666666673 0.909 0.40916666666666673
7 1 5.127651813329684e-17 2.7452498876778702e-18 2.4956816882379104e-19 4.0831765341160554e-17 0.5183333333333333 1 0.5183333333333334
10 0.36578829956661735 0.4131295872178514 0.3153275647681689 0.37159734558819263 -0.0194292745075939 0.6540431740485216 0.03103146029085451 0.6955754156781804
10 0.3112423164393011 0.390998442256288 0.2867153729904585 0.3781704591723329 -0.024526943448842587 0.7914283910827116 5.684341886080802e-17 0.8042563741666667
6 1 5.102694996447305e-17 0 0 4.604671964794048e-17 0.6266666666666667 1 0.6266666666666668
5 1 5.102694996447305e-17 0 0 5.3945691502440906e-17 0.7341666666666666 1 0.7341666666666667
4 1 5.102694996447305e-17 0 0 6.184466335694134e-17 0.8416666666666667 1.0000000000000002 0.8416666666666668
3 1.0000000000000002 5.102694996447305e-17 0 0 6.998856457127123e-17 0.9525 1.0000000000000002 0.9525
2 1.0000000000000002 5.102694996447305e-17 0 0 7.347880794884119e-17 1 1.0000000000000002 1
0 1.0000000000000002 5.102694996447305e-17 0 0 7.347880794884119e-17 1 1.0000000000000002 1
10 0.2169606093596565 0.013082576454679279 0.1915925213288473 -0.025143663332338063 -0.024688886123996723 0.0745305579446609 0.0006792019068124518 0.11275679773167824
10 0.2598113538673194 0.07512187232365601 0.21102519548544957 0.036721417039885115 0.052997282459571325 0.17614349797372048 0.10178344084144114 0.21454395325749137
10 0.3770197070331108 0.042608805967406245 0.33150186434478657 0.005865851877353521 -0.04034315879505814 0.3257605789164382 0.005174683893266064 0.36250353300649096
10 0.5287490697092693 0.15864837932395953 0.5017806310104754 0.10890354640009373 0.1315377148869451 0.24829369899730874 0.15850615358573897 0.2980385319211745
10 0.4502786650229207 0.3751046237901401 0.43586053454673845 0.21165545375560166 0.3760798575437508 0.2153175062762783 0.390497988019933 0.37876667631081673
10 0.5684628633166946 0.24239323385838843 0.5678806520348787 0.07553843773166875 0.4972989225946921 0.07570946750710855 0.49788113387650806 0.24256426363382824