8 0.8718590924751196 0.46911593023256226 0.6844947592932054 0.1926822709374067 0.38571170963710744 0.33331599027276954 0.5730760428190217 0.609749649567925
0 1.0000000000000002 0.00509261250000006 0.014422897000000016 0.00509261250000001 0.014422897000000084 0.9237302275 1.0000000000000002 0.9237302275
2 1 0.008128390833333398 0.05233586500000003 0.008128390833333351 0.05233586500000009 0.8694180575 1.0000000000000002 0.8694180575
10 0.375758547 1 0.3315343778696227 0.8228327488250765 0.3201814773622089 0.8248007283473712 0.3644056464925863 1.0019679795222947
9 0.8035039752585559 0.3861038193491225 0.59916521990883 0.26272797460366804 0.46369975037702016 0.41853488616652157 0.6680385057267461 0.5419107309119761
10 0.6284995293273876 0.894817311718995 0.4968916475206016 0.7321813550923925 0.47020917867887885 0.7471757467184341 0.6018170604856647 0.9098117033450368
10 0.6738997225914211 0.8566081377197683 0.5283693685705975 0.6971681248387998 0.505450435941155 0.7116955337468841 0.6509807899619786 0.8711355466278526
10 0.44070837283212266 0.6425061014765638 0.39842247191243574 0.571093563422854 0.3708401874163839 0.5824355429999233 0.41312608833607084 0.653848081053633
10 0.8850384581141664 0.6435139144823264 0.5856575826072498 0.5314334794127576 0.5703484189983886 0.5598311827727908 0.8697292945053052 0.6719116178423595
10 1.0012923146217807 0.4291910181984281 0.7616163267039874 0.40732547015330256 0.7603240120822067 0.4171626344548745 1 0.43902818250000003
1 0.7196621348217919 0.40918550333540227 0.6359243282892663 0.33160700368711726 0.551834158909737 0.39463927249579217 0.6355719654422626 0.47221777214407723
10 1.001401599884234 0.5025261392282212 0.8625341969854791 0.4877777452788473 0.8611325971012451 0.4969424218839595 1.0000000000000002 0.5116908158333334
3 1 0.012716980000000074 0.12327762100000003 0.012716980000000029 0.12327762100000009 0.8164127616666668 1.0000000000000002 0.8164127616666668
4 1 0.04347625166666675 0.19286991800000003 0.04347625166666671 0.19286991800000008 0.7630609133333334 1 0.7630609133333334
5 1.111570009765871 0.5223065702686749 0.7107801143851822 -0.016156471904103475 0.1253315847141217 0.28645618643538756 0.5261214800948106 0.8249192286081658
6 1.045464540278282 0.42520854399530267 0.6072855383227984 0.047187752086362215 0.19595740507395568 0.3782897464903245 0.6341364070294394 0.756310538399265
7 0.9691320563383765 0.41573825529136 0.6145515856609722 0.11703406553023815 0.2887682908032919 0.38559313107322574 0.6433487614806962 0.6842973208343476