1 0.862 0.2541666666666668 0.5604000000000001 0.12850000000000014 0.41000000000000003 0.37916666666666676 0.7116 0.5048333333333335
9 0.975 0.031666666666666746 0.291 0.03166666666666671 0.29100000000000004 0.6008333333333333 0.975 0.6008333333333334
8 1 6.547251488647478e-17 0.11500000000000003 2.0313664167916136e-17 0.11500000000000009 0.75 1 0.7500000000000001
7 1.0000000000000002 5.406187593843487e-17 6.576353311421287e-18 3.034925973961817e-18 7.246235110554889e-17 0.8966666666666666 1.0000000000000002 0.8966666666666666
10 0.4773711716898082 0.20788667193171806 2.842170943040401e-17 0.18674435916666665 -0.0014929518679149237 0.21015358275589338 0.47587821982189327 0.23129589552094482
10 0.9053144080077052 0.18192115118593918 0.6590200295414446 0.11992227166760652 0.6310398065828399 0.19711196889004687 0.8773341850491004 0.25911084840837956
4 1.0000000000000002 5.102694996447305e-17 0 0 7.347880794884119e-17 1 1.0000000000000002 1
3 1.0000000000000002 5.102694996447305e-17 0 0 7.347880794884119e-17 1 1.0000000000000002 1
2 1.0000000000000002 5.102694996447305e-17 0 0 7.347880794884119e-17 1 1.0000000000000002 1
0 1.0000000000000002 5.102694996447305e-17 0 0 7.347880794884119e-17 1 1.0000000000000002 1
6 1.0000000000000002 5.102694996447305e-17 0 0 7.347880794884119e-17 1 1.0000000000000002 1
5 1.0000000000000002 5.102694996447305e-17 0 0 7.347880794884119e-17 1 1.0000000000000002 1