5 1.0000000000000002 5.102694996447305e-17 0 0 6.649832119370128e-17 0.905 1.0000000000000002 0.905
6 1 5.102694996447305e-17 0 0 5.743593488001086e-17 0.7816666666666666 1.0000000000000002 0.7816666666666667
7 1 5.584149276388093e-17 0.07600000000000001 8.69259099670783e-18 0.07600000000000005 0.6533333333333333 1 0.6533333333333334
8 1 6.389900836251102e-17 0.222 2.4200041290150992e-17 0.22200000000000003 0.5291666666666667 1 0.5291666666666668
1 0.8340916162489197 0.019070872947277526 0.5310890233362142 0.011644338807260209 0.5219092480553154 0.2717379717660617 0.8249118409680208 0.279164505906079
9 0.985 7.198626966238036e-17 0.376 4.0910857134016274e-17 0.37600000000000006 0.4008333333333334 0.985 0.40083333333333343
10 0.3938246266278863 0.08275953630622475 0.3680807197256848 0.061099705149567994 -0.025743906902201474 0.38615688801000997 2.842170943040401e-17 0.4078167191666668
10 0.4747342307692309 0.3464990384615385 0.41022430769230783 0.30468705128205137 0.04834315384615394 0.692416858974359 0.11285307692307697 0.7342288461538461
10 0.4525566257132384 0.4064486835822034 0.3987166830156528 0.3612683120877279 -0.005965448828456545 0.6961615114726246 0.047874493869129085 0.7413418829671001
10 0.6096009318679971 0.3483624739614215 0.5284741720245567 0.3014061263609429 -0.036282956020112465 0.9789993449986031 0.0448438038233279 1.0259556925990816
10 0.7366409836160682 0.20698992720687112 0.6468373759623031 0.19584512939223012 0.5907422360488243 0.5097400826361485 0.6805458437025893 0.5208848804507895
10 0.7564270202337864 0.4710379098805107 0.7243603459021664 0.4646332384579111 0.5703830000000003 1.0000000000000002 0.6024496743316201 1.0064046714225998
10 0.8370370510562797 0.7538190545463804 0.8266680695096413 0.32061924878218323 0.7458702136069952 0.32196227716993536 0.7562391951536336 0.7551620829341326
10 0.9024498895829365 0.37450380808945044 0.8664680831113118 0.37092033975924893 0.7762510080000001 1.0000000000000002 0.8122328144716248 1.0035834683302018
10 1.0223038569945664 0.3033461828909891 0.9269258548243828 0.26493682134343916 0.6558666738865827 0.7323627102501812 0.7512446760567661 0.7707720717977311
0 1.0000000000000002 5.102694996447305e-17 0 0 7.347880794884119e-17 1 1.0000000000000002 1
2 1.0000000000000002 5.102694996447305e-17 0 0 7.347880794884119e-17 1 1.0000000000000002 1
3 1.0000000000000002 5.102694996447305e-17 0 0 7.347880794884119e-17 1 1.0000000000000002 1
4 1.0000000000000002 5.102694996447305e-17 0 0 7.347880794884119e-17 1 1.0000000000000002 1