10 0.3547199471661161 0.3254026776449266 0.3442900967284416 0.29030734381572104 0.279200425763772 0.3037405068907207 0.2896302762014466 0.33883584071992623
0 1 5.102694996447305e-17 0 0 6.264068377638712e-17 0.8525 1.0000000000000002 0.8525000000000001
2 1 5.1064185860670626e-17 5.700939039986785e-20 3.723589619757492e-20 5.859512638964336e-17 0.7966666666666666 1.0000000000000002 0.7966666666666667
3 1 5.588908932508014e-17 8.150704800854901e-18 4.86213936060709e-18 6.246379034304001e-17 0.7391666666666666 1 0.7391666666666667
4 0.944 5.770452217081406e-17 0.0040000000000000235 9.739189204209399e-18 0.004000000000000073 0.6808333333333333 0.944 0.6808333333333334
5 0.876 6.105884832748845e-17 0.07300000000000002 2.0084207506016594e-17 0.07300000000000006 0.6233333333333333 0.876 0.6233333333333333
7 0.7634154639175257 0.10586683848797254 0.23207972478762887 0.06301718210652925 0.18249931241649492 0.48995962196907217 0.7138350515463918 0.5328092783505155
10 0.5060067538710634 0.4665151102222853 0.45103674905969027 0.4599845827911822 0.42407542421668776 0.6175845975739522 0.4790454290280608 0.6241151250050553
10 0.4608338252048165 0.5124198511088125 0.4075481096448631 0.4964661093978805 0.33583934271083865 0.662791291708801 0.38912505827079213 0.6787450334197331
10 0.5732153238997677 0.35893732706194764 0.5181481685390997 0.34786575324634067 0.47362307469522635 0.5016548810629095 0.5286902300558943 0.5127264548785163
8 0.6781953327571306 0.1394655718813023 0.27921694036300787 0.12968668971477962 0.2678046672428696 0.4530344281186979 0.6667830596369924 0.4628133102852205
9 0.6552054054054053 0.2716396396396397 0.4453135135135134 0.14443243243243245 0.29309729729729717 0.31884684684684683 0.5029891891891891 0.44605405405405407
1 0.54 0.24166666666666675 0.408 0.24166666666666672 0.408 0.34750000000000003 0.54 0.3475000000000001
6 0.806 0.030000000000000065 0.13700000000000004 0.03000000000000003 0.13700000000000007 0.5675 0.806 0.5675
10 0.2051212700225908 0.24049072272290398 0.19417601364589301 0.19895088998201316 -0.010945256376697785 0.23648355475910918 0 0.2780233875
10 1.0024878763222138 0.2063018036343915 0.7901583401139144 0.19619087333875584 0.7875052888527257 0.23488120423108208 0.9998348250610251 0.24499213452671778
10 1.0024741634575405 0.1794292183501793 1 0.17034822749999998 0.9027447580981853 0.1887494076209581 0.9052189215557258 0.19783039847113743