0 1 5.999680808925389e-17 0.045060025000000024 1.126913376585374e-17 0.04506002500000008 0.73239643 1 0.7323964300000001
10 0.15736442389906852 0.5846824609846254 0.15135553533225016 0.5790799334331639 0.05806974043318172 0.6485604716152051 0.0640786290000001 0.6541629991666666
10 0.25546645203238105 0.5038876239555651 0.24611318113719804 0.49391083135450325 0.05236126710481705 0.6200517757322715 0.06171453800000006 0.6300285683333334
10 0.6327863595146416 0.08131539772821929 0.6075611598173268 0.07889324061215061 0.5957730787235934 0.16414687949120135 0.6209982784209083 0.16656903660727007
10 0.21260969521780163 0.3424525881730158 0.2098480836210087 0.33358089170705624 0.03449642840320703 0.37148648520070715 0.03725803999999999 0.3803581816666667
10 0.15054942020726172 0.15181898872934838 0.012186858000000016 0.12441264583333334 0.009554193016986212 0.13364262271884467 0.1479167552242479 0.16104896561485973
10 0.9404057110390512 0.4125856875630934 0.8030796201607704 0.3858104209884276 0.7977622918391407 0.4047491242349458 0.9350883827174213 0.4315243908096117
10 0.6864397477838374 0.3127226101228902 0.6820903555486999 0.2945435291312217 0.6183800140585941 0.30512885155873337 0.6227294062937317 0.32330793255040186
10 0.7708884827056428 0.24752673755303534 0.7583045788299181 0.2324970782136225 0.6939683016163994 0.26990466482350894 0.7065522054921242 0.28493432416292175
10 0.932793770715386 0.26788855386629196 0.9253763148715999 0.2468919583618209 0.8290475950744967 0.27052389885609823 0.8364650509182828 0.29152049436056926
10 0.9847158536065768 0.1768478293714296 0.9716393024576746 0.15974242939015287 0.8537505317316612 0.22232738233740695 0.8668270828805632 0.23943278231868367
1 0.6369336106565875 0.27965937694355214 0.5396250682822653 0.2508804765091323 0.5040830174867202 0.3343363220461785 0.6013915598610424 0.3631152224805984
9 0.67830301427676 0.3853853548847032 0.6638863582402306 0.21357889458713303 0.46188635840396375 0.22534990987170972 0.4763030144404932 0.3971563701692799
8 0.7471184313650365 0.19576398022178637 0.4398954750606269 0.15528361266821455 0.3907925832140406 0.4140773692315337 0.6980155395184502 0.4545577367851055
7 0.7869466241490678 0.471401139825068 0.764662324254677 0.12070187148707437 0.3529507656965831 0.13886935196665323 0.37523506559097397 0.4895686203046468
6 0.8433835190960068 0.506507775238471 0.8066420412493546 0.06865150406570511 0.293455712978937 0.0985560789112647 0.33019719082558935 0.5364123500840307
5 0.9000343167187422 0.5467872867380795 0.8557346003188404 0.01885772508344287 0.23449730222594492 0.055058677352505164 0.2787970186258467 0.5829882390071417
4 0.931018963 7.17682473745636e-17 0.20363143000000003 3.4651880123391115e-17 0.20363143000000009 0.6073556783333334 0.931018963 0.6073556783333335
3 0.9829373339999999 6.707118723881068e-17 0.149141655 2.4525136845883845e-17 0.14914165500000007 0.6508055558333333 0.9829373339999999 0.6508055558333334
2 1 6.376765815569118e-17 0.09806002500000002 1.77444121804081e-17 0.09806002500000008 0.6891388891666667 1 0.6891388891666668
10 0.8988905737487595 0.11612159273933524 0.882611298507728 0.09935220042338837 0.7641047309994459 0.17924316561120587 0.7803840062404773 0.19601255792715275