6 0.8406628764200733 0.020383992823954266 7.233077449231726e-19 -2.0715395770876138e-17 -0.015141599585907092 0.4336525223568788 0.8255212768341662 0.4540365151808331
1 0.4628082053542673 0.011221952457448664 0.27546515054064263 0.006679347502836436 0.27122201528187073 0.1282019358800296 0.4585650700954954 0.13274454083464182
9 0.5565640130195741 0.013495298631469345 0.18218026057989012 0.004417419756129214 0.17517618085828007 0.205012925093581 0.5495599332979642 0.21409080396892113
8 0.65017449246682 0.015765121145405382 0.08770351984446684 0.002126593545612831 0.07808380912965508 0.2776332827613088 0.6405547817520082 0.29127181036110134
7 0.7465000821388308 0.01810077839558076 0 0 -0.012351592840738624 0.35374725899786436 0.7341484892980922 0.37184803739344513
5 0.9416454101376419 0.022832569038261107 0 0 -0.017902543748393847 0.51272543942646 0.923742866389248 0.535558008464721
4 1.0083281153784098 0.024449459505294074 0 0 -0.020721613143146373 0.5934630489623205 0.9876065022352634 0.6179125084676145
3 1.014031560554779 0.024587753925288478 0 0 -0.02333724454667448 0.6683742335779254 0.9906943160081044 0.6929619875032138
2 1 5.102694996447305e-17 0 0 5.512149669301531e-17 0.75016863 1 0.7501686300000001
0 1 5.102694996447305e-17 0 0 6.09029353798181e-17 0.8288503458333333 1.0000000000000002 0.8288503458333334
10 0.7829648085107855 0.4408005392526303 0.5331903457829344 0.24676862268525265 0.4796464248079115 0.2946341159650756 0.7294208875357627 0.4886660325324533
10 1.0253173702914247 0.5740508819422303 0.728747918318183 0.3743353243812566 0.7034305480267583 0.40044314493902644 1 0.6001587025000001
10 0.838333972 1.0000000000000002 0.6730780813952779 0.748699847099734 0.655718851104934 0.7566272725883361 0.8209747417096561 1.0079274254886021