5 1 5.102694996447305e-17 0 0 6.408718501790973e-17 0.8721859650000001 1.0000000000000002 0.8721859650000001
4 1.0000000000000002 5.102694996447305e-17 0 0 7.282903172730025e-17 0.9911569575000001 1.0000000000000002 0.9911569575000001
3 1.0000000000000002 5.102694996447305e-17 0 0 7.347880794884119e-17 1 1.0000000000000002 1
2 1.0000000000000002 5.102694996447305e-17 0 0 7.347880794884119e-17 1 1.0000000000000002 1
0 1.0000000000000002 5.102694996447305e-17 0 0 7.347880794884119e-17 1 1.0000000000000002 1
10 0.4250024186140793 0.5951939321472185 0.4044920612675897 0.24441886661969486 0.3071664345677194 0.24837079649260072 0.327676791914209 0.5991458620201243
10 0.49710310240510014 0.6826488874290658 0.4873065864230374 0.2988896889124014 0.3974056918282446 0.30048341754140423 0.4072022078103073 0.6842426160580686
1 0.701909703 5.581622018712947e-17 0.377909703 3.928348839864021e-17 0.377909703 0.1938059516666667 0.701909703 0.19380595166666673
9 0.865404352 5.5417773186714884e-17 0.213370125 2.2146455310462024e-17 0.21337012500000002 0.32611777750000004 0.865404352 0.3261177775000001
8 1 5.400821349753168e-17 0.053600337000000005 5.7163252472365214e-18 0.05360033700000004 0.46537075166666664 1 0.46537075166666675
7 1 5.102694996447305e-17 0 0 4.412450723520906e-17 0.6005065741666666 1 0.6005065741666668
6 1 5.102694996447305e-17 0 0 5.399133402741279e-17 0.7347878325 1 0.7347878325000001