10 0.2345764862749201 0.5406388934978721 0.14282408802071553 0.538859255379546 0.13143266047698504 0.9467101182386981 0.2231850587311896 0.9484897563570243
10 0.29857588700000004 0.9908100316666668 0.24966438775612976 0.6514455757583659 0.22605505366764778 0.6538085874325752 0.27496655291151795 0.9931730433408761
10 0.5949450665325422 0.9316119304461445 0.3882751560416623 0.5594994295050099 0.3031669397564685 0.5923249777024509 0.5098368502473485 0.9644374786435855
10 0.5968683724146415 0.44678716120201933 0.3443876786401408 0.32069726423174577 0.30420895542850973 0.3765676313005209 0.5566896492030103 0.5026575282707945
10 0.39850791978772726 0.35475193239613634 0.22375138649273102 0.25205017516811057 0.17528199420569893 0.30932458579878824 0.35003852750069514 0.412026343026814
10 0.43900995686772 0.24900242680196935 0.26801250443405966 0.14400425091496877 0.22134969965282184 0.1967777916719752 0.3923471520864822 0.30177596755897584
10 0.5951955 5.879194724509001e-17 0.369824479 4.72919514330808e-17 0.369824479 0.05795069416666672 0.5951955 0.05795069416666673
10 1.0021231416018657 0.009564416837176305 0.9979431354322343 -0.009265849289768889 0.6973001119782641 0.03707981410859432 0.7014801181478955 0.05591008023553951
1 0.6450946261324939 0.1610463185013229 0.35392637698808216 0.1591137842859675 0.35159412281171415 0.403136474406571 0.6427623719561258 0.40506900862192635
9 0.8048152795873107 0.5173546600845758 0.7809138635867939 0.02853566066199157 0.1892161569182329 0.048627187738167155 0.2131175729187496 0.5374461871607513
8 0.9401937269999999 5.877010623072368e-17 0.04458773400000002 1.3070064038030464e-17 0.044587734000000066 0.6538865875 0.9401937269999999 0.6538865875000001
0 1.0000000000000002 5.102694996447305e-17 0 0 7.347880794884119e-17 1 1.0000000000000002 1
2 1.0000000000000002 5.102694996447305e-17 0 0 7.347880794884119e-17 1 1.0000000000000002 1
3 1.0000000000000002 5.102694996447305e-17 0 0 7.347880794884119e-17 1 1.0000000000000002 1
4 1.0000000000000002 5.102694996447305e-17 0 0 7.347880794884119e-17 1 1.0000000000000002 1
5 1.0000000000000002 5.102694996447305e-17 0 0 7.318620155831241e-17 0.9960178125000001 1.0000000000000002 0.9960178125000001
6 1 5.102694996447305e-17 0 0 6.662629960089982e-17 0.9067417050000001 1.0000000000000002 0.9067417050000001
7 1 5.114321339018555e-17 0.0000732320000000002 1.2000023131230117e-19 0.00007323200000005739 0.7783093400000001 1.0000000000000002 0.7783093400000002