10 0.35527848729141476 0.33192885873123096 0.34720356443192074 0.29526726152978405 0.28389959522112496 0.3049499386492841 0.29197451808061897 0.341611535850731
0 1 5.102694996447305e-17 0 0 6.296629752100225e-17 0.8569313966666666 1.0000000000000002 0.8569313966666666
2 1 0.000007075833333384398 0.000005417000000000058 0.000007075833333333371 0.000005417000000058923 0.8011271541666667 1.0000000000000002 0.8011271541666667
3 1.0054418037436874 0.009749478425386022 0.0023229913530832787 0.000022525726577580082 -0.007996091390118093 0.739039092120025 0.995122721000486 0.7487660448188335
4 0.9501080316323018 0.00921292287544334 0.010509417511850248 0.00010190659845381783 0.001004692470052449 0.680796985360791 0.9406033065905041 0.6899080016377805
5 0.8828584473388472 0.008560823563741129 0.07947451414726914 0.0007706416568735642 0.0707725137028751 0.62397739686338 0.874156446894453 0.6317675787702476
7 0.7685884328128338 0.11366979967761325 0.23706120855993942 0.06567764963344454 0.18171571299553074 0.4913496606518129 0.7132429372484251 0.5393418106959816
10 0.509374859412575 0.47074536447698495 0.4542327761077335 0.4644512892609841 0.4283559802904522 0.6218855497063615 0.4834980635952936 0.6281796249223625
10 0.46443760295270375 0.5168265076313417 0.4107847178162889 0.5009566091061822 0.3403826380451307 0.6662448386389292 0.39403552318154556 0.6821147371640887
10 0.5757418777909076 0.36442267592355126 0.5203947203214564 0.3535325667067722 0.47703676987797394 0.506560015678202 0.5323839273474251 0.517450124894981
8 0.7489293235622609 0.2595605165078308 0.41862468283107124 0.0735764268398008 0.2008358174997818 0.34218017111298726 0.5311404582309716 0.5281642607810173
9 0.6575209543096884 0.2775129517551344 0.44592039300229336 0.14921029828351595 0.29488580336980735 0.3221899844998246 0.5064863646772024 0.45049263797144307
1 0.5426644564007139 0.24691236802061833 0.41066445642165594 0.24563240068748782 0.40918697604369025 0.3514442427450392 0.5411869760227483 0.35272421007816973
6 0.8123523753092728 0.03787511427542981 0.1428771218467421 0.031383408906051576 0.1353733947034534 0.5687742605696386 0.804848648165984 0.5752659659390169
10 0.20672234442412377 0.24249323796144126 0.1962828496700272 0.20070920437438763 -0.008498503754096554 0.23623935391294631 0.0019409909999999967 0.27802338749999994
10 1.0028233376255997 0.21585723077127966 0.7919332848404022 0.20479978386720316 0.7890349650746659 0.24318686047361648 0.9999250178598633 0.25424430737769294
10 1.0023631762752097 0.18939503162940183 1.0000000000000002 0.18026494250000002 0.9041538205793926 0.1974928850377967 0.9065169968546023 0.2066229741671985