1 0.5993327378578304 0.5802298855111875 0.4287113309314845 0.5668246826526558 0.41252726314216986 0.7098738469888126 0.5831486700685157 0.7232790498473443
9 0.699362822830565 0.7773615439994398 0.6648312907200905 0.48470138333998997 0.31850598571693683 0.5130788730162572 0.35303751782741133 0.805739033675707
8 0.7856346373160131 0.4387522595081987 0.2626346377167696 0.41591119838788077 0.23491091763457478 0.8567445314992587 0.7579109172338183 0.8795855926195767
7 0.8819320742099694 0.37443685547591987 0.18193207437882294 0.34386564779098716 0.14508940178151297 0.9296989813261888 0.8450894016126594 0.9602701890111215
6 0.9580567680000001 0.2890202325000001 0.08444063100000006 0.28902023250000003 0.08444063100000011 1 0.9580567680000002 1
5 0.975574594 0.21994799916666674 6.051164370490003e-17 0.21994799916666669 1.1782893486424182e-16 1 0.9755745940000001 1
4 0.9828465310000001 0.14932594416666675 4.0274959222326664e-17 0.1493259441666667 1.0278147479796596e-16 1 0.9828465310000002 1
3 0.9887278669999999 0.08463165666666674 2.7445073047215052e-17 0.08463165666666668 9.470524774945397e-17 1 0.988727867 1
2 0.994302966 0.019674754166666742 1.5743257840973013e-17 0.019674754166666693 8.777638830696104e-17 1 0.9943029660000001 1
0 0.999762786 0.008424550833333393 8.484036698224645e-18 0.008424550833333343 8.134381869432809e-17 1 0.9997627860000001 1
10 0.4689456329231929 0.3376945135245709 2.842170943040401e-17 0.19944257916666666 -0.010241718627873908 0.22356726283884432 0.458703914295319 0.36181919719674854
10 0.35987165606830757 0.332461603891363 4.618527782440651e-17 0.32210438416666665 -0.0009195403777310833 0.34429210867134263 0.3589521156905765 0.35464932839603897
10 0.5804126653095247 0.6195255999521384 0.5262956392397211 0.545617689100978 -0.03391351994641133 0.8304771901103599 0.02020350612339229 0.9043851009615204
10 0.7218778762060591 0.6278590715793727 0.6457304552008466 0.6187221638306485 0.6176692105933269 0.7811275379875631 0.6938166315985396 0.7902644457362874