10 1.023205122322486 0.7252855209736493 0.9048316123944439 0.6181488848607304 0.44004742057759366 0.9747686218190355 0.5584209305056359 1.0819052579319546
10 0.613520872191809 0.49705144897451303 0.6043952137953653 0.47404744540233246 -0.009125658396443668 0.6430633722611528 0 0.6660673758333334
10 0.4413341627798972 0.5641858100452384 0.43466630672836143 0.5472687517750069 -0.006667856051535665 0.668068610063102 5.684341886080802e-17 0.6849856683333335
10 0.514540659799511 0.23229619293612117 0.5128298606585697 0.20777451139011574 -0.0017107991409412585 0.23270357595399455 0 0.25722525749999997
5 1.0000000000000002 7.265773794041531e-17 0.12100000000000002 2.780504892164349e-17 0.1210000000000001 0.9683333333333334 1.0000000000000002 0.9683333333333334
4 1.0000000000000002 6.490628035480972e-17 0.041000000000000036 1.5971435338880067e-17 0.041000000000000106 1 1.0000000000000002 1
3 1.0000000000000002 5.905519007520784e-17 1.8247237307295562e-17 8.028240110734779e-18 9.172604525613675e-17 1 1.0000000000000002 1
2 1.0000000000000002 5.430564770087744e-17 6.824344288248626e-18 3.2786977364043937e-18 8.030315223708982e-17 1 1.0000000000000002 1
0 1.0000000000000002 5.102694996447305e-17 0 0 7.347880794884119e-17 1 1.0000000000000002 1
8 0.949 0.1933333333333334 0.37200000000000005 0.19333333333333338 0.3720000000000001 0.7025 0.949 0.7025000000000001
9 0.8737041564792175 0.5905786471067646 0.813638141809291 0.256878565607172 0.4383325183374083 0.3037917685411573 0.4983985330073349 0.6374918500407498
1 0.745 0.3650000000000001 0.56 0.3650000000000001 0.56 0.5341666666666667 0.745 0.5341666666666667
6 1 0.025000000000000085 0.19900000000000004 0.025000000000000043 0.1990000000000001 0.8775 1.0000000000000002 0.8775
7 1 0.10750000000000007 0.28500000000000003 0.10750000000000005 0.2850000000000001 0.7908333333333334 1.0000000000000002 0.7908333333333334