9 0.824 0.060833333333333406 0.279 0.06083333333333337 0.2790000000000001 0.5216666666666666 0.824 0.5216666666666666
10 0.8375568694320781 0.02046446645246254 0.8362601059518333 -0.0026942401983205203 0.7418690519940409 0.0009761717755535967 0.7431658154742856 0.02413487842633666
10 0.5065961262231129 0.02867252901895095 0.378136659944573 -0.020233359158156907 0.3659866781713525 0.0019291075948477498 0.49444614444989243 0.050834995771955604
1 0.7325980511571254 0.33618757612667477 0.6006638246041414 0.13985688185140072 0.3651583434835567 0.2497594397076735 0.4970925700365408 0.44609013398294756
10 0.2984074231730011 0.221357026030377 0.2905726936978627 0.19673321315832634 -0.00783472947513846 0.262668186294616 0 0.2872919991666667
10 0.48816275325276426 0.1897275221539672 0.43409644724828483 0.14847779553455684 0.2538418824819087 0.31254788049269494 0.3079081884863881 0.35379760711210534
10 0.1313060149675812 0.38791167401817583 0.11987080570946372 0.3758885651911209 -0.011435209258117482 0.46261459533961174 0 0.4746377041666667
10 0.1418610564601121 0.5335964695257522 0.12669093325954314 0.5258896005063338 -0.01517012320056898 0.719804789313915 0 0.7275116583333333
10 0.2238220658200219 0.48128247395428275 0.20922374026605806 0.47010207481145805 -0.01459832555396372 0.6730507141905087 1.1368683772161603e-16 0.6842311133333334
8 0.963 6.610257882574261e-17 0.14500000000000002 2.4362533754803654e-17 0.14500000000000007 0.6375 0.963 0.6375000000000001
7 1 5.75527299044881e-17 0.00800000000000002 6.933995539730833e-18 0.008000000000000075 0.7533333333333333 1 0.7533333333333334
6 1 5.102694996447305e-17 0 0 6.39877952554492e-17 0.8708333333333333 1.0000000000000002 0.8708333333333333
5 1.0000000000000002 5.102694996447305e-17 0 0 7.256032284948067e-17 0.9875 1.0000000000000002 0.9875
4 1.0000000000000002 5.102694996447305e-17 0 0 7.347880794884119e-17 1 1.0000000000000002 1
2 1.0000000000000002 5.102694996447305e-17 0 0 7.347880794884119e-17 1 1.0000000000000002 1
0 1.0000000000000002 5.102694996447305e-17 0 0 7.347880794884119e-17 1 1.0000000000000002 1
3 1.0000000000000002 5.102694996447305e-17 0 0 7.347880794884119e-17 1 1.0000000000000002 1