9 0.5160956915269792 0.15285919819866492 0.17399428604397124 -0.03838478320312332 -0.08022124583733167 0.2774112505202001 0.26188015964567624 0.4686552319219883
8 0.542261496 2.955812775300593e-17 2.1446838933964276e-18 1.888177528953627e-18 3.841217530604981e-17 0.4935775691666667 0.542261496 0.4935775691666667
7 0.6533650649999999 3.333922648028968e-17 0 0 4.2952515594767205e-17 0.5845565108333333 0.6533650649999999 0.5845565108333333
6 0.768954193 3.923738713118275e-17 0 0 4.9676769928747904e-17 0.67606935 0.768954193 0.67606935
5 0.883198674 4.5066934546886944e-17 0 0 5.703534985039276e-17 0.7762149583333333 0.8831986740000001 0.7762149583333333
4 0.9938006540000001 5.07106162463186e-17 0 0 6.344691370880334e-17 0.8634722783333333 0.9938006540000002 0.8634722783333333
3 0.997626765 5.090585102087411e-17 0 0 7.005583613445391e-17 0.9534155233333333 0.9976267650000001 0.9534155233333333
2 0.997626765 5.090585102087411e-17 0 0 7.330442547005872e-17 0.997626765 0.9976267650000001 0.997626765
0 0.997626765 5.090585102087411e-17 0 0 7.330442547005872e-17 0.997626765 0.9976267650000001 0.997626765
10 0.6253013345528228 0.400411517831635 0.45903361517684926 0.39809835805849414 0.44746340489080366 0.9756370285922662 0.6137311242667772 0.9779501883654071
1 0.35577344262653654 0.2715223135304827 0.30157612756614977 0.10435196146907823 0.08402452933322624 0.15333190736594696 0.13822184439361304 0.32050225942735144
10 0.2925292898135651 0.15526184297559864 0.2754871508765922 0.11386214148968632 -0.017042138936972876 0.19748668434742098 -1.4210854715202004e-17 0.23888638583333327