3 1.0000000000000002 5.102694996447305e-17 0 0 7.337139209618842e-17 0.9985381383333334 1.0000000000000002 0.9985381383333334
2 1.0000000000000002 5.102694996447305e-17 0 0 7.347880794884119e-17 1 1.0000000000000002 1
10 0.4647949911753923 0.30203826582994125 0.4372619492799969 0.19435052206907558 0.3696979477179208 0.2063466417234478 0.3972309896133162 0.3140343854843135
10 0.5848654487569321 0.303837251934907 0.4196092932125461 0.19517668363876486 0.3781103312917972 0.2390055678168221 0.5433664868361833 0.34766613611296426
10 0.5751745275523388 0.4726546935891427 0.48984012641023683 0.30654187239487213 0.4329273777122318 0.32684523915931013 0.5182617788543337 0.49295806035358064
10 0.577305440658575 0.585416415717903 0.3911791744798048 0.38108516695866107 0.34246034106356116 0.4119033666120478 0.5285866072423313 0.6162346153712898
10 0.6549891444743466 0.4888949179347511 0.503546507348833 0.3250672648422141 0.44859103355588076 0.3603457085407819 0.6000336706813943 0.5241733616333188
0 1.0000000000000002 5.102694996447305e-17 0 0 7.347880794884119e-17 1 1.0000000000000002 1
1 0.6989963594415717 0.2605595982736972 0.5938590540815069 0.06671312360585406 0.36462965697120825 0.15305207203135363 0.469766962331273 0.34689854669919673
9 0.783812736 6.324279499938355e-17 0.27564447599999997 3.731251862283022e-17 0.275644476 0.41696645250000003 0.783812736 0.4169664525000001
8 0.914127023 5.855154846609398e-17 0.145787332 1.9345517497718296e-17 0.14578733200000002 0.5237494858333333 0.914127023 0.5237494858333333
7 1 5.4844834173067046e-17 0.016647649000000014 4.667362961143101e-18 0.016647649000000063 0.627625235 1 0.627625235
6 1 5.102694996447305e-17 0 0 5.4203029412265716e-17 0.7376688725 1 0.7376688725
5 1 5.102694996447305e-17 0 0 6.197953658685142e-17 0.8435022058333334 1.0000000000000002 0.8435022058333334
4 1.0000000000000002 5.102694996447305e-17 0 0 7.000204193176053e-17 0.9526834183333334 1.0000000000000002 0.9526834183333334