9 0.6741027845 0.35273565624999975 0.3589881334999997 0.09014011375 0.017102784000000013 0.375044571666667 0.33221743500000034 0.6376401141666668
1 0.5066417740543216 0.37011603088590295 0.3625294798592938 0.23129506800973237 0.18237840040207867 0.3611685116745228 0.32649069459710656 0.49998947455069337
8 0.702886311 0.07231895250000006 2.923925929152277e-17 0.07231895250000002 7.220034661786358e-17 0.6569921191666667 0.702886311 0.6569921191666667
7 0.813152868 5.181629325238123e-17 8.770835017611444e-18 1.032358254347747e-17 6.41637543445209e-17 0.7538625200000001 0.813152868 0.7538625200000001
6 0.93782349 4.785427229973749e-17 0 0 6.291586877017761e-17 0.8562450933333334 0.9378234900000001 0.8562450933333334
5 0.995068313 5.077530101868361e-17 0 0 7.019752715679188e-17 0.9553438483333334 0.9950683130000001 0.9553438483333334
4 0.9983396920000001 5.0942229511231435e-17 0 0 7.335681047168034e-17 0.9983396916666667 0.9983396920000002 0.9983396916666667
3 0.9983396920000001 5.0942229511231435e-17 0 0 7.335681047168034e-17 0.9983396916666667 0.9983396920000002 0.9983396916666667
2 0.9983396920000001 5.0942229511231435e-17 0 0 7.335681047168034e-17 0.9983396916666667 0.9983396920000002 0.9983396916666667
0 0.9983396920000001 5.0942229511231435e-17 0 0 7.335681047168034e-17 0.9983396916666667 0.9983396920000002 0.9983396916666667
10 0.18108264924502118 0.5146187656312117 0.14342289103001413 0.4974171977081812 -0.037659758215007 0.7727283729103029 5.684341886080802e-17 0.7899299408333333